4127705190519
4820034920077
2816042816042
4860148434397
1234567898246
1122337788994
0773899918933
2844492799999
1227279204787
1234543211865
1811229080038
1245686708587
2108332334311
0244200243420
1180621025320
9212604248599
2299720885112
5904149001001
7676767676767
2427008871903
1102000809089
1215157551651
2771109133111
9133316051994
9601100189104
8005146237426
7119277912345
1983110112114
0020846414141
1234567891371
6464616462562
0128033445588
1770821054692
3473324255206
1579900483808
1140600082447
1840119410056
1810614510018
2407979365063
0070954802320
4328971961413
0167900633123
6085725009606
0664852584660
3120600640985
1871220226792
2511986151986
0167269343521
7805138610712
2883612778897
0120122674123
0402322511794
7011111111111
1120100051593
1794283153609
1601198920175
3408906051975
1225722057062
0503080204050
1103701641398
2018907242003
4815162342007
1100700064602
1266845154507
0723664154896
1100400680855
0911981715198
1880730323952
0100125868551
0720352361152
5548098931520
1218833730954
4250150505015
0020506530917
9780618626762
1308144491193
1210584254375
6655443322111
1591591591212
5200143891974
0066117265200
1314520221812
3309901341606
1900222430011
2357124690108
0810117261420
0033380533460
1072006080324
9110221786007
1329900205451
1905619227323
8807701314520
5005201314520
1618925114111
1166453757137
5841314219898
0817208172009
1102200067795
5555567777777
8680505383853
3458349589438
1212123456789
2510858328467
5513492807505
7908041798217
1809900107218
3120300229821
1129800004111
0177476196123
0000147852369
0819892581989
2756425921002
0445540265474
0016479880453
0000003848599
4803211023412
0034620789614
1346791346791
0160160101016
9109257356317
1439874563210
1270585937118
0232100522249
1811021002213
1411400084754
5917123456123
5036094029314
1701212020051
2705981490011
0209811951122
0098003400567
3001199106560
0016463212409
7323920713666
1233215200123
2117135105732
4128061300741
3580400038056
0701200425361
0963991144399
9921451175224
0213742396062
0133388128123
3800700016284
1234567888123
8963551002046
6696214389770
5454236507080
3430300013672
1217611276112
1000006185204
1151513162000
8212020856978
2000932001820
1158210777956
1330600007281
1102000061173
8802203081662
0138881082183
2480290101170
7506305425521
9507290556980
9781579890476
1471100086166
1441414141414
4005443001450
6842662342349
1455125115123
0096612122255
3413010792693
0018479331223
2760670084556
3553535555333
1118438590613
1726260350618
1990050912553
1234567890987
0174023056089
8409085201314
7492663881211
7477444454545
3700500709392
1984101913579
4510687353844
0610981464012
0122010036465
2911122151636
1378504343258
7811191674213
4654654654654
2411900003085
9210227806792
0167799446688
0097167447679
5334221234555
3120300235554
1234567891930
0040746516280
7106161069412
1234567892521
8105151122612
0446643032570
1850719330232
1101400403518
0406052004244
4992102602880
1314520222812
3860700376957
9221768882256
0044530019873
1120100039020
3100503531336
1990526318136
0150101202120
8457014584789
6905601901999
2602990170123
4122799198642
0730007300007
6626009222640
1550600059891
6272435072416
5000000139540
6600061988411
0112358132134
1292077683642
6494835134123
3333333333333
2601963214789
9003167077094
1101400358342
0505956412378
5998237103159
3105992830007
1500900099058
3261780009876
2340987878276
3130100210957
4569211671659
3546435565271
1234567147852
4005551083096
0469519227323
0221622482154
0350320502007
1411400144218
4750195100892
2602198657100
0167408558016
1234566654321
2110301201478
0017266847700
0371312426568
1103700923195
4746961221668
0501654168933
1311986312209
9010091048119
3079710135790
3553570092463
1709711131992
3323508535085
1349900621315
4528049402541
3752167310934
8988802889977
2581996017893
0211549227323
0097150123123
2630700033981
1234564152638
6901028028134
0164366145003
1248163264128
1800118250042
4862486213793
5201314830511
0146126396773
4005544704406
0021280012347
0100101001010
3691215182124
1880313284577
9543065436360
0197592531520
1100400447778
0177786621321
0177476196159
3600100470024
1231231234567
1314520810411
2810689227323
3101600187246
1359986112626
1308327395583
2860223190449
1329900149713
7305387982237
2587456321478
0100136370009
1021021212102
1560300166366
4656546656446
7510960181178
0744123456789
6565651765176
2244244324423
1880304336525
1235711131719
0319204013628
4852375968142
1129800006009
1671217040114
1639900161141
1398537777988
7708805291314
3620400154004
7708801314520
0409983720019
7937383673528
0017187601486
0113510144901
1212249227323
1394930784700
1100200100162
0060122875053
0103169165335
2909989450056
0000187176462
1985310312345
5503261906013
6712101464614
0172482398520
1224700808988
3500200668170
2670629323959
0513655034655
1131164073132
3993643898511
9771417643005
9009250154522
8802145048089
1234567894566
6044904315886
1389544565456
0177208129520
0982122089354
8888888810043
1320800032263
7987654646445
7708272235012
7451343951026
9308110161390
9203170658099
1000010179363
1871004420021
3321000184503
1840707375485
1784319962001
6667776661680
5201314818290
8711894037073
3800101961968
1301459648575
1120400004566
6021023314159
1129800008621
6709062808830
7312092489617
1329900228303
4376356657567
1996102578854
1987112319422
1351164377564
3460500002194
0177579886327
0000053234507
1258545251709
2171125189793
6767676765434
7401071802816
1992031202468
3525774041040
1129700053846
4197676975595
5701331005287
1273860105437
1234567894567
4619933465818
6621995940304
1451500031491
6905025100200
2259310312315
1234598756197
1509901658083
1989645678901
8604044541478
0972168324909
2305451234567
1242316250037
3120600747402
6184359608610
0021622559185
1010459756371
1016457196395
3801200181813
8611062561671
1340500121503
1630185277351
0123455432105
1995081913245
8012180203425
0537513901736
5557894500123
5240082870322
7780508376155
5656121474223
8305161169711
8462313496632
0903293924848
0161427984059
2398928923828
1715919389100
0197443704123
1959900168984
5201314250986
3101600044712
1234567810058
8358182950324
7415978951230
5466666666666
8693547227881
3730100497363
1305418095751
3800400291298
4712063012666
0915911928985
7300100540547
8110227721718
1112234560012
9006064488170
1374653317652
2000002185673
9110715442000
1101401232474
9256895223123
0902991727217
1155855692970
8329927898989
5214975072589
3809700166250
1275515663971
0400703050103
4055713155032
9111261785428
7403278541831
8399808345479
0020123993445
0701224715113
1470300062421
1209983721818
1650904192463
9708154846966
1100200293971
1959900150457
0167381764520
1314520789456
4444661223344
1164933160000
5173093315727
9307247597949
5983682688080
3659900648772
1120100117837
5215987321123
1360500097491
1010117246810
3202110176180
3609900022288
1039716100123
1900320314050
9308211268178
8205017555556
3336168190023
7985798532321
3915443249162
1234567891991
2707985307826
2404978151338
3578910111617
1236547896321
1199207021339
3120300037710
1972412637123
5185065129243
1098077802000
0538731542800
7770905015216
7041091128547
1802978774515
1760530054653
8802245028080
1657396981602
7902192711977
1103700967796
1234567896300
0177786621123
1234567892326
7107071810623
1851231191636
1814642798203
4970386294123
1100200592804
0208985730032
1599423423990
3632065052759
7867891090500
3701533840037
1352775548500
8145177777777
2468135792524
7508101010810
0200546652006
2445529946601
1929900378407
1272537905917
0018193621179
7894561230789
8154815162342
1100299005477
1234567890825
4564564567788
3100501876972
1284892100471
0535892876505
1920100007724
0031534325620
4861331595886
8902287933695
0516178914166
1559753456852
1475963148635
0667938526784
7321472583690
4350778892963
5555555555555
1001831140491
2410198114621
1363011381455
1983075584251
1234567320120
1134049966445
0710253839363
1807743085512
1608922892439
7890552005553
5702012014079
9349519227323
1461165152044
1234567899876
1234567891011
1233211234567
0600970892009
5203070801314
7891235632147
0600040410677
5208902081314
0510115261197
1593577895123
3101800602981
4735644649816
1106228051980
3400800168934
7001071785534
0855530005557
1481000003960
4015975325515
1100501019038
8900186575586
7325149596926
1989641999610
2107400940071
5205305201314
8382643020590
3697412911320
8705315199089
1233212264964
2107924523062
4505242063813
0070078251721
1830512360047
9685317311786
1292536582000
6181941474961
1419900491429
3131316249898
1202466496747
1354624301992
0331647852421
1102000932981
1100200282830
9509135201314
0211111111111
0303456753951
7373654456248
0020104728451
2851984371980
1409900798648
0248795047500
8812087456591
0019779921972
1996052852146
8205125660081
7247000724473
0127051048012
1134206569617
9339738988729
7551318106755
8802221106613
5140203288714
1314520987654
1258796321100
7898144120042
1450200129966
0600010511888
1581125400031
0810041430152
1233333344444
4815162342108
1659840263598
8413880981280
1235493309988
1890604080067
1346796711704
1486359874123
1890401450041
0413451318990
1236945780122
1657641419822
9340394030493
7910101018617
1129800004855
0071980924007
2801801198145
1806963184237
3102428468995
0143807818123
2841602716995
6632540902580
2684159753456
1228466760000
0102030264000
0026537732007
1550400036227
1278523779843
5211314000000
2105972334301
1847650411668
1333999999999
1331600020556
0398903289136
1830300066741
9781598169256
7703315334088
0143108836520
9104130165490
1870909394426
1987913229520
5519521741962
8989596965963
0123454334789
1234567892193
1231231231927
0987108198710
7896474123456
1880412125897
0034663777922
1245168593676
1891120190459
1234567890099
5508158979916
1860612035268
1948083124500
0244599629123
1234520101102
0020031881207
4100818874757
1111111111222
9833150030336
2919885413731
9206664180291
6601812484793
4505825154505
0158036573741
1989716321321
1021109788224
1880630313521
1995660912345
0101919045012
9306105201314
1281263247681
0118734491992
1560100151721
2901819461327
8008192408723
0801207664400
1937852456123
3211715237182
7003459227323
1234567896453
5759515324862
1382795138279
1800818010391
7709976549903
1234567899999
1234919950921
4001354741954
4835083090407
1990742720991
3423545645643
3670100700755
5500400032887
1100701274635
0020105698196
1500692531199
1451165152044
1538880187988
1051272190778
1101402133305
3520195879867
1000000223470
1265134472359
0973588796666
1870711284578
1120100029601
3123443212321
1100701060520
0114203181314
1154385601987
1833562151933
1120500051256
1563200800295
7895123753159
0577135792468
1234567891978
5515559227323
1371123456789
9909957320112
1931031284578
3642087623182
4914146773730
6902001632782
0019175573480
0112060508754
1040400424979
9001030154100
0608715121988
1230123610595
5839469801485
8565452545658
1234563330033
1411400134352
3698741255214
0167624075000
5648787954632
0094542223725
9763456266575
4265611101236
1579900401241
9003140120002
5566520250191
1992062321072
7310791199801
0024212180013
1199003150017
5270001314587
0758496212008
1597536987412
9730564189189
2800624410098
4159874159877
2890816090013
0177634573888
9612217165086
1213298634986
1142841124181
4560475693821
3120400112021
3344520789456
1210682331123
1160361465260
1876262292826
1989161989224
2108170511292
0143173775486
1702198836167
1992081601319
1003798645123
0014165021220
0167269343520
0154191644659
7341100002000
1713103163321
1930607090019
1234567654321
1981804370569
0707752510328
2279409833418
1507924506384
2008476317718
0101900604241
2011987456321
1281164377471
7710221144110
1234561234560
5209119880916
1709900467240
1234567891234
1597530123789
1491961716576
8810225932080
8602601604696
0123102585556
3611756646299
6428509383670
0104014020306
2230458223934
1231007007008
7417415201314
0209199306075
0903396922222
8604256766959
1120445801144
1284891867710
0167825329520
1880319142621
0167978156520
7894561231000
2001045643241
3543314890922
3401740050391
8856038008518
5417197485188
0071693400100
1223010147422
8510423189710
1841224055060
7426242648782
1275666169151
0167884864527
3639900128434
1131823141081
6038809081991
1100900007297
1891110190445
9999999999999
0169009032130
1234567891012
2378500123456
1870405055071
2403971870049
7654321234567
5200106602696
3574953220606
1671100049234
5755123456789
0312984420023
3330900138386
7659365080512
1111112345678
1286543090393
1269875516497
2109989290028
2092801100876
0202199407001
3296736281229
3200700896948
1977092563566
0010450515800
1100400402294
0905985301029
1071211853024
1973461973465
4110671874642
1478523698520
0124756320963
0034650259423
1102000211132
1410983820066
1659900205696
8966464332484
1801212450058
1982881314520
6535092908281
9124211495200
0099599605855
1406849227323
1530899241355
1206065300544
1231738481870
0036948896777
4442777777999
1234561123451
0824905692066
1761203260013
0983579127127
7509101123315
1991051291011
1830516295909
1597531236987
2603987360074
8890435510059
0001300790909
3560300835841
0064462502184
2845468211525
0904005197503
2846913759383
9129129125544
1891013303705
1236181990122
1460200057841
1042106326110
1920829420046
1257649888933
0600994341155
0146124808115
1234567890123
1824061989882
6545683968777
1101400717717
8757115203422
3100701222101
0003511064000
2011999999999
1381164423462
3493959379712
3220200030119
1352535428975
5997960531178
2809196082123
0611199609455
3659900265423
1234566543210
2582596758119
1155659700000
7378182930724
1571675678625
1000010179364
6120020612002
5454511545411
0108990500245
1136925737123
2987000000333
4152630142879
6901028098125
0072433264161
9725431927650
9203100154891
0020119612295
4564564568585
1308327395102
2834331033298
8985489459854
1197960121483
9028098112147
0260260202026
0177390828525
1982031780110
9994798885479
1233211232123
5900000000000
8812065004558
2037272015425
2308579227323
0020452504705
4432001090737
0040266246004
0104505158000
3319887111958
1965319703608
1102000265330
0212984180036
1278686650562
1919147258369
1257713629310
0177871412000
3211234567890
1202964365003
1100500312301
3700600176949
4129720397272
1020987456456
6654455654486
0033614314998
3120600211791
5825469517530
3337887378561
0024426853179
1990082354543
7708805487740
5677748921014
1234990000001
3301138923810
1841571691693
1361100066808
2304791234566
8310312703920
9113037425312
2106947234888
4316660354844
0146174011520
4826496645464
1808971870010
0203304211223
3894116214123
0049646520998
2911014864642
6879204171987
2890827205575
0536018605360
1004556289123
2333333333323
0720356103618
8216477548177
2249113143791
3530100941923
1236350586988
1691417203134
0104986380043
1228466820000
1310700086582
1129800054569
0103449431010
7381977337721
1111111111111
1819971412000
1984907123321
2654616093248
1234567890000
1129800003391
1409900314357
0200502071007
1238296750678
1111113729486
1720509224533
6622058429922
0100112941988
9506166895773
8811252881065
3789732264159
7988211994560
1101401024316
1101500322200
0187800665544
7856125201314
1705987370014
5612170031192
7810061069818
0185251120222
7812155811020
7875433455876
6843518816384
2215858127399
1412135621732
8104162024712
1199700077346
7182937946135
1921681179752
0304010199885
1379137913795
1609185276447
1280678209626
0018122928200
0207033511064
1110925201314
0515464651989
1101599002261
1022568894896
5789654612705
8312215063083
6612814631216
5931523198571
1269464529622
0911700700700
3858703534654
4112797211314
9957722620620
0152010910274
9517536842555
8101608117891
1860225520036
8803156945206
5971288148026
1103700149694
7505325441422
9505101697021
8201045005085
9555436000090
5720548464999
3082747313271
5555555555789
1209700042177
1986051320006
0607984300052
1316813374117
1980121600000
1450500118226
3094777772990
1260100061431
3702166308320
0305317180481
2003612100216
1234567890525
2511237822518
1226468656510
1308144450800
1233211233210
1146408364913
8956821777373
1346798520123
0827199301993
2043157003997
0896914726123
1409900796262
5811011111011
3361200557265
2691218131210
1308327395562
1900909245020
7502191051414
9640018514913
5035903630088
1314520770880
1909800435379
4612065816897
0171423150100
9101036650147
0011061975315
1472583691010
3730300037013
5458118064460
1234567810040
5371576032005
1605971855021
2900128030507
1123310061985
3467601586306
0614846524399
1231477899635
0191982312953
6092623415123
4010477751244
9506166893773
5201314910917
1199900072488
1749538671502
1234567891374
3533533353333
2725035220116
5261288547521
1891203134170
2881008020083
3574935898517
1270714106330
0196360938001
7895207412369
1234123412341
5555774512121
1234565576672
1870811297291
0210000289410
1234567895208
4973612508601
1837294560123
2002641860003
0446641093248
8432123456789
3812369753852
0177217580123
1366367194536
7894561230066
1120600016312
0600010612238
7779997779998
4431341433263
1621222888007
2628401930704
1414111777888
3673674101979
1191041104545
9009207537597
0406990375034
7894561233210
1593575546280
1910248112489
1101401759201
2606495662762
1264226935396
0312188520520
7708805201314
0100611121002
1372123456789
0167246345016
8801720248358
6473742130050
1529900799554
1279025490724
1141399000303
7061196240643
3700197949199
7209828153728
8808081472014
2519942051994
4761288723873
0852723782922
1390122585888
8975719810327
1234567890232
8850999322001
1986051215518
0302028749007
1191103305126
2134134213412
1987123396815
9367331184274
2304990170106
2003021343009
4607415165566
0201614337301
7688717435233
8404151285312
5196245119645
0011005201314
1380921756701
1431164815899
3229440269525
8153801577309
3730100251852
9999999999998
1234567321989
4560143129500
5800629012101
9431059654123
8524685246789
1680229040083
1100200110192
1550600058585
1106984410057
0177217580125
2031244803642
2001200110603
1989919393939
1002003005123
0027703506110
8532138890909
9876542221371
2653830551120
3052411234567
0577227131415
3560100745482
0129114425016
0125431665268
1234512345678
4929000000006
1234567891000
7868564565466
1273160820196
1840316044881
0377102961989
3302085172019
1004011010407
0185353921123
0309983210985
2713177272829
5134879123456
8805270156031
1120100113793
1236547789123
0199171606327
0012685121300
9876543210504
1103131101364
3330126918901
1780309434515
8613910202737
3050601690030
7402166683333
4205910455101
0999936125521
8602261395314
7900252831234
2205869101720
1101500342588
2900722396562
1989235572174
0581232003007
0077363964100
1120100133793
7979797913087
1380017963456
1769900216522
6670988644432
7215217758991
0016475887128
1419900496866
9632101551987
0372150264734
0165322654321
1726478389102
1155201241314
1161164164904
1001232738050
3939900143937
1974995601022
1761125170406
2910427260015
0294825568527
4033756001263
0119617760443
4164399009225
6208402020302
5901597868613
0182227298520
9290013513690
8610242811117
1808199366360
1850711245101
0100364376123
1234567891314
1991032955256
4268525874566
1479900138621
3219549210000
1009589227323
1234567891372
5910830111111
0011667936321
1112221234555
0446672109328
0125405017122
7411233693030
0167262586017
0708999999999
1561200500194
0127093617890
1111112222222
7201070770530
6969424211911
1101400393041
0311779822130
4387734607223
1346791593575
1795105630394
7910051011118
5121225587148
7808031182918
2605973710024
1459900076928
1549900299985
1252503754100
0402123975100
1901649227323
0171050155079
0127019929520
7896052601387
2582587758521
1689916899168
7349346513914
0609782371227
9005190149410
5201314334488
3136820175760
9874563214789
1314520810915
9784618136754
0770391198612
1901120420091
1496752854753
0708093324712
0809645748970
9938755772535
4358037872388
1025925518921
0167578185168
3010198102017
1978671980125
8202142052113
0230697865330
5519911581991
2313800208291
0020100446202
0033442663762
1326146891352
1639800010966
2693226347233
2134003142532
4032222604618
1983125198964
1596541235741
4609033184288
6209141257817
0209684755855
0247089210244
1101108822621
1232557725577
1271418003963
5608402309001
4352286920328
3700700098117
0585766653543
0012345678900
0887225224225
2020735201314
0000177283117
7111111867345
8702131019522
8905066075557
7098868169919
1202466496127
8701091235226
0102564812004
1909900210794
6639273662175
9252235689123
1921681231372
3550100787591
1989080671212
8411245208752
1097118155000
0177600520588
1560100134592
1357912336999
8811300015423
0538500221679
0407687621123
1790605205020
2031994421528
1234567845678
9716103104105
5016787727379
0872961405802
3116012107200
2009965391007
8381026112927
0016714878622
6246241979628
1270172191282
8494684764879
1775775744511
2718002211800
1988828880119
1227709171485
0928666888000
1122112213323
2238374010123
7510091066815
1102000707979
6757576575756
2810223270034
3330400159548
0078655658789
3220200288833
0413252200520
8383839227323
4750412003811
0012121364420
0620266200612
5339812122009
8101081070814
5216116937667
0165198025321
1909800481915
1301614866388
1269411668286
1324657850673
9990905015216
0308647812006
1991758302185
6451948209187
9058955313305
4027355330642
2424935100000
2572597257528
1860316430056
8803107722721
1885296769676
8936028473400
4356567190110
9173789456123
1313131313131
1409980366609
3114739456000
2927890123456
7130319910319
1222102468955
0123456789104
2619659227323
7402453140598
5845134430610
8212301056020
1230905015216
0020030340340
0123456789420
4321212412112
1452111061983
1329900363600
5998710131716
0061295964997
1329900382493
9876543210963
0167501363553
7876262310371
2926997019602
1239900189074
1341400120158
2415612361989
6417159516644
7481351185118
9078277502294
1231231213123
1308981307117
2117435336882
1981142011921
1669800132905
1730490001001
1870206313852
3411600377328
0862422165012
1991988123456
2226037725442
1308144490633
6161221520520
0055704696661
8311171151824
1101400903791
1010101100011
9519110204315
2677246776592
2001001987000
2540910170360
1870519080082
1168903971167
1236919818123
9549851162048
1101400035322
1959800072934
1430200149690
1761215120723
9025911203729
1212121545454
1983112808856
7702001221614
1430200109647
5620390026919
1660100086058
0125245168999
2006218141421
7509069227323
5423205310581
1860224271063
8119693774012
5208106999999
1119900100368
2905982482011
0128492618997
1515161629551
2156302280895
1390237412067
1263976496944
7738858572564
0524817011998
0032485781177
7409155040088
1920118318162
5683533542629
1379964022300
3140400170209
1273860102944
0912533282432
1234567891998
1308144467477
0111262092018
1160500033827
1314520520520
3102000718535
1550700055146
1197201186354
0510983447650
2311199457290
1359662047725
1129700020301
8955676202715
1449900208395
1985630274360
1800525134122
3120200201208
3495878788236
0098021123123
2462774624928
0209022001002
0118132645072
1248098044840
1456569227323
3740555859321
9102206455166
0033667481597
7896432968710
0210210210151
3336236363456
1231412715125
2830121511631
9557046000293
9210071162724
1612535926538
1319900103900
3022138851212
8605967871115
1022521952221
0096614511324
2009881105129
7050540281212
8607171334912
3905142123456
1119879300449
1678246921549
7090732378982
2008610247315
0105387663010
1290179694676
1102700524559
8003612184644
1986520185518
5203182210600
6942626942637
8813501784161
9008063203244
3484227982681
6774983213857
2604839227323
1634274538569
1600100071972
1709956188707
