29236294966859
01070502987777
45420654542065
46287591534628
12121983456323
11235813213455
19111010198964
62140796140796
00981112221196
22094563070653
89930119930105
09085693001665
00308100129967
26006301440715
01676953321230
09876543212390
19863010901986
01651126505527
10149191014919
11235813210802
33110015912357
00393397486396
20101020010117
01427890142789
00541148217106
01019434212345
58638225863822
95195129519512
01778789875993
11154021214490
20051018142656
69132306263177
20051011133002
20306792030679
00491601680629
20021432002143
19950504230230
22222222222222
67741314520111
12343213456543
23052112345678
10101010101010
12345678911111
58610505861933
18123123456789
25551202419910
08917770562525
20052010445566
90655459065545
77202273031978
60801121234566
87868584838281
27131001517293
01020100122012
23516421462826
19652508200908
27162912716351
71735257180094
23423752342375
54284375428437
19640121380121
12345678972826
05254721314521
69474844030303
28306050200491
29079816293543
13745121374512
27800123456789
01678411086713
68553766855376
10000200608271
10000000099996
23356142335614
19901261990126
13619151361915
00982212583540
83090266666666
62385816238581
24262000331809
12317373072562
22010110130177
58413145201314
12547896321452
19910516910516
12342222222222
72684327268432
00310107081997
15061974211198
18059020045000
34180883418088
79461371829364
24090117121982
01101010110110
00351969662657
19889261988926
19843152031520
77042035723580
76989917698991
12365413852649
43296501234567
36467333646733
00275160029784
71199519951995
73937957393795
19780629123456
31010319830912
28091996611991
75918637591863
43123654123633
01672087581993
19801124327777
46851234685123
32707553896461
42836754283675
64376437836836
88883333111199
13161821305007
00963215550279
00353857210800
55252525252525
11010110151272
92112107241990
15942921829999
11129019885176
12312312312312
21231312123131
74123652014789
92122902042006
01050751834350
45569984556998
33032619891216
78951239874123
88169878816987
12345678900000
64005771338945
20082011199508
21307213075050
41023019930609
79138524567193
12304440499405
71832817183281
12345678956244
89285507601952
03498888888888
20010705122526
53355335160266
19193651919365
12345321456789
73895027389502
19880531657839
19911208016536
00171050155079
04961717645249
24681012141618
12345561234556
20100527111956
24313692431369
90524989916501
23232323232323
87840052123789
19831006520945
22913542841386
19120001912000
23052312345678
36752743675274
19872191987219
90142312344321
13222221322222
37060908045817
17813371781994
20051202110279
12334566541230
76930317693031
07232928031224
21231233456374
53131205313120
01232109227323
12419861241986
12345671234567
15128201512820
01210969696452
20051018142242
10351481035148
19961111857201
51436972386611
48151623428161
46535111241124
72512115201314
78985204568520
24000007702741
36987411478963
85593038559303
28057522771871
63309796330979
14725819681212
93256724291532
64516737490828
61852516185251
01771560115817
22333444455555
08061986568301
16812345678168
12312399818864
43154704315470
44444444444444
47618975610771
10923874561371
01267812541314
19878766246707
87582898758289
96385296374132
18319841831984
85245625898523
21197101854585
10037031590308
12510251251025
13135311313531
05223699512525
50229123456789
19810927198273
08638799753980
14107601120401
11997174681949
11100111000011
04396230439623
44162219881011
54793065479306
10261103051117
88703238819535
31484148141614
08064980992360
12301230123000
88515919091989
20041652004165
86960548696054
11954968545738
15519831551983
25952589623910
52053052013141
74100147896523
27752842775284
06732319541419
53005205300520
92310271314520
20051101111132
68333346833334
22010110130187
20091016201051
19818519791114
25192003845589
18068479440257
28898978888888
13145201314520
15613913813713
13475565427951
14159261314521
24858102485810
22503662250366
21347582134758
78569854050005
20070309170422
72626727262672
14753697898521
31101973333369
56565656565656
33261119841019
00000000002011
20070308111100
19819891981989
29288591045156
63421721021969
19202228040110
32173411080286
25721534902610
20051018143016
10000000099999
50195555019555
01679235720821
07271983082314
87698769769786
98765432100000
19890324015143
56240007593210
77777775555555
25216090801124
22345003962977
51051320070524
20070405001918
04540570454057
80092216751675
18742019790203
71542306776664
32122823212282
72319850101007
75315985245610
38665463866546
74448944370562
90883014663489
04071975281128
19891283046745
20003207302010
23061301050766
03041973342000
34941853494185
08111300794389
01410299727144
03026015904807
41962363787791
82624813715520
65294056529405
62890534171819
57899123456789
28876109261882
04011000900708
27244047148559
66666666666666
82021000102040
12312319951995
12345675201314
23097008607433
56654645654654
29311301597453
30549512251964
36040503604050
52080823558257
16431879196842
69915511551996
01770991929192
74358807435880
20130201286185
32022219821014
10000048731646
19851020851020
29056182905618
14232619880201
19931229015696
34044553404455
19900617146127
70885437088543
82410875355305
01276747990000
20070307232001
91081464601414
19111987871113
77582581314258
12511111111111
20051011132134
04719999999999
00971505260320
10000000099469
22993915151515
22010110120108
19917025201314
82825336030522
91166336159357
06423360650242
56674739506118
22010110110123
17220894498022
20030786163560
89215371953100
01234567890123
00524433169632
12807120706543
45515535523232
10140206020208
55568284858687
23288008955761
06061978961177
23123213123123
23036309090909
32552695007262
32625063262506
21082892108289
85691272508453
35141237222469
78963217896321
90236541037337
31415926541618
20090605085027
19890604646466
31314773131477
23550001967311
00114341601100
20256742025674
23252545315354
19831101848790
16515871651553
53880655452525
89102405539188
12383551068355
35475196543210
52323068243800
21157017739353
31217221027711
08037602061991
09039005041991
19935121111111
95743001598741
75395174175963
32762114028657
12345678990603
12345678910110
09202726123195
62957216835187
01674543750422
19863291985924
43232789227323
31719923171992
00330033701225
19920327015653
19821218016282
19780801123567
00235260560731
34568101216200
12369871236987
54711237660381
07034401324638
89757897576369
36281073281073
19939261993119
11034215910216
22196052219605
10000060107624
52374855237486
19890102031411
12919901291990
51020053041973
11111119870916
01234560123456
78199478199422
28384858687888
82645012050125
10101314520240
11111300281988
01431160801314
10719911071991
09876543211234
19940923268371
10000256754135
13067022122001
59662471674068
24394112761991
12332112345678
35437813620491
25443659822009
10000000099473
19770919663927
43484124348412
24158008790600
22092003686640
61619959469746
82785424574078
87022720902277
76431411296531
10203040506070
77533688095895
19910123456789
23694035647480
01274080722587
41940014194001
18346137294679
14060317106711
18241818241893
01679487420104
51219742991988
20130024133416
10000000099994
77137711040881
63134679852123
26918852691885
18921317817833
00491716208500
51719915171991
19849019192525
52161169376676
22018119860829
22022011428214
28319802142007
21072007010406
76315377631537
75884707243128
61641273334348
07311989652005
00272248643400
52530013041988
20366732036673
32122213212221
34122519880409
63089811314520
94906809490680
71093957109395
19975301997530
23225331118250
23342034789520
99661939966193
19780807080726
51658169553322
20050921102719
12345677654321
03266028432384
15975326484286
02032991170964
12483123456789
05101520253035
50217315021731
59980785998078
22643602264360
03496666666666
14753697412369
08874181870867
12345987654321
20051115120412
63612081624891
20100305071748
12345678901112
22010110130188
32244553224455
12345678901234
00393396172104
22089024641208
36044895775658
26237421041995
19512371951237
24862147258369
14759631475369
20070308105348
12073573345912
31051980543626
19901219123456
55660167829963
82554554554554
76799909096956
01166815387155
12345612345688
03859853838438
10018730458271
01989902357456
20051011125836
80080080483666
19821024168168
77521987736844
20100718193554
48191961504698
33082119790422
12124141421243
19542778787878
20051018142040
12969621296962
52196615219661
23492772349277
10191289865162
58855413269374
77563887756388
20051011132616
65301986530198
97012929011997
31842425512551
84510422031990
25366802536680
31415926192380
20111906240603
08022326662009
22995116161616
13041967555555
47352236180894
90101728574655
12698745633322
01207621121000
12732494003712
38186483818648
48162104816210
45403657535952
93031101632701
19961010123456
36524705634256
91152334577546
19934222971993
19971910131412
86037161808898
12356897412369
12547896102030
76395659141183
11234563321654
19900569100530
93090855201314
20010219903000
62232319851220
20090508090433
49848646984647
65523235432261
87774609892642
47808375578971
22104008434700
21221212122121
76782957678295
82192798219279
14820051482005
20100527013731
15097115947955
75332147896541
22258582225858
11607795002262
00902482336934
23288010220311
19871241987124
25660619031990
01200319801259
31207626807697
78152467815246
12121212121212
28469284691992
00761589615899
18283848586878
33223313322334
83644174769189
12081208120871
59291995929199
36078119861005
09071987258823
25459823781121
23060219851112
22331133887733
58452013143344
23204942320494
36031119851109
93949596979899
01673405875836
51407635140763
75970347597034
44235346456246
10000000099470
14046364341762
13605461171819
79864757218827
26096939162279
22712782271278
23117119513131
34269100414188
67725406695476
81213728121372
09186120694706
14112008140304
12300012300098
19881120260220
98227648253762
07363525029208
24130652413065
21492006099562
01065790057701
54424425355761
56223635622363
15002029121991
19088911812007
69651786965178
68168204367485
32118155616009
23035712345678
20051018142440
13568919920428
19881226788106
00146532859649
19640911153624
89041203601318
19930201548378
14121309187696
27131007427133
15987411596321
72689155201314
01792536866831
01235711131719
38136333813633
01234567890111
86727697989353
43042219780208
06213132184793
19796348456123
59806135335342
17999999999999
00393201165034
01438325820419
23697982369798
19881511865150
75499475012012
23052912345678
10000000099995
94113002546333
41797804179780
77585217758521
19921005050560
70122500330033
23819892571979
00000000000000
22121984771986
76290127629012
14159265358979
34168703416870
45940534594053
09031979230580
82466428585222
97012723504201
82099268209926
77777777777777
82092612161219
27299269854963
23016517120422
24681027111987
14725836982465
32032419890051
32853183285318
10719771071977
61922356662241
33311133311198
14725819515162
11281720100927
16161519721967
32926913292691
95934509593450
51743493091076
11111111111111
13243546576879
19841004123456
80662124267900
00000000001234
10000000099474
13145205201314
88200634786788
88391572436909
16431879198942
01011275901322
91880360796936
19081996031075
76543217654321
56756867867867
23010006956991
11223343322111
56689065668906
12552351255235
26118353061502
98765432112345
76543211234567
32125863212586
58181520326232
23376282337628
88798298879829
56278975627897
74159637415369
10000047136873
22558819870419
04946366888421
25149004209645
87023417444123
56250005625000
14888999777555
45106834510683
11180146151229
80505519211126
91102001502100
01101993245678
69966922156266
66399409018119
25564682556468
19718301971830
21900312353934
08111300791660
27131013910320
59995387698700
22017053348959
19901301055933
67918686791868
12341324567890
19519851191985
94789943011598
26355963521889
61336552779482
49492505709250
32147899874123
52163595230168
22089024513555
61228316100750
01674547950330
21003136621216
43981236912293
91061251525321
56955485695548
19880909830719
00380445635970
93280862696537
23387212338721
20070308210621
14789631478963
89125608912560
40854250558522
12312312313123
24349323111979
57626125762612
23121288997425
09201004112309
12345999999999
77585207758520
54321432132121
71119637111963
49745232924102
19791121781011
81565658156565
36432621568844
52013140251314
11223344556677
19871207015175
01031995134165
00001301112992
74196357415369
20060707172427
19900743164316
00331166449977
19941013146012
53085817243112
55313435531343
10011991216546
05199308081966
23481199118432
33344503334450
00971506870301
18281229203448
31121994191988
72541747254174
06213132684793
33741657882646
37911268765439
06242665350817
88047988804798
24016569577173
19944991145741
12341111111111
12452514656014
11111111333487
12345678912345
00420596722026
15935706121995
61290000000000
77559966332288
93440698546768
75395174123698
13106065657320
19910613130318
98765432101000
98765432108844
00421910323981
78562300468997
10000000099472
56708125670812
10219678071967
44263355157993
19880909123456
41789494178949
29122612997596
01431946111688
10071985241985
26122366339732
01776660366036
20041092004109
76072583317259
17151518199141
23564783598822
05091985210012
00000001125634
25525102552510
12332119830602
50030142475052
37108271011630
77178181314520
58212485821248
19821101016668
48627531590010
52013147996033
19871216880818
28221419861989
37298061174618
12345678914789
11558791155879
61020026102002
89275683732029
48151623421990
60318052527540
35150497102070
10000159979478
15987531598753
19890407322597
22289012228901
20790163353821
15041994789911
19920425003600
12698741221213
65619253987092
19373141592654
91215225251521
19940720016044
96120662667720
10000000099998
10000000099997
12321231232123
10000000099993
27131005903135
42748438047942
20070307235234
00393401567518
01228110031951
52013145201314
20070308141720
05030167038395
42870003773000
22010110130150
19971011052823
12002010674041
79778497977849
53410793122593
12341281983459
05360007152172
24793158954321
16254701625470
77582581414258
19891218015312
89771222550440
12345515820311
82521933080518
14205502711111
42411723447858
83120368312429
19991999199930
12345678951357
79798855355283
95278789527878
93022301251993
21313712131371
17721522150353
30771733077100
01010901020103
12345030854321
20150940101202
10000000099471
99999999999999
64289164650763
01673231954141
17819831091983
00112233445566
12151011511763
19951995222260
53392026809409
52113145211314
74100167663072
11020018540977
13976485123456
12358132134123
35012819900421
88329978832997
90052101581901
05527228921234
15668348676434
