158358467519535
520131419890902
159875369874120
130920029227323
100000282099639
920118145857123
789456123753159
123987564005003
805065355201478
688229158041992
314159265379024
520131477885566
070819921232991
100000085326534
515551012345678
198809092001301
852123753951852
100000961225598
123456789303153
485159025472050
100000504973592
123654789632159
220419907520147
353359004534866
530013167059056
100000015834802
254652546525465
123123123123123
123123123123777
123456789010203
123456789013456
150119712605198
351265215261987
987654321098765
123456789101112
881130905257955
333555777555333
153990030608666
001001000000050
520131420306290
777777788888888
123456789198921
678987698769876
100152947835121
195612719711129
100619937375995
110519791105197
123456123123456
100000202047145
333333333333333
012770998012345
031019920310199
100000284892604
111111111122222
123456789123456
481516234277108
003142042211883
198308222591123
350139609622511
100000487316462
100000357728657
100000797070964
850850850929292
903460556892356
555555555555555
159258357456789
123456789159753
951951951011286
123456789852456
345589144233377
134679852951357
111112222233333
369874123123456
172839794613285
123456123456789
123456123456123
147536914789632
051219789227323
123456789101616
123456789456123
114203409165062
092051920055304
464534645346453
147258369951753
789456123789456
198103272261977
520131411173505
321321321321321
112358132134711
789521789654123
123456612345666
071575101531646
989349624640000
112233445566778
353102023377747
198502085201314
571452135714521
198861903284281
201163224200002
123455432112345
159705522131488
100001074407215
321478569874123
123456551323310
270419697112001
919844134478130
347623476234762
100002740571068
100002084357467
777777777777777
123456789851004
197382465718293
724347243472434
200316888888125
159753123987456
456456456465465
010230123456789
100000181009091
199306203971086
999999999666666
197808085851045
111019831021987
141592653589793
159875369874123
886686868668668
123321123689000
910725330910873
314159265358979
125612568899123
159753369258147
100000699194267
112233445512345
123456789930959
198711154568520
999999999999999
057713868578298
925099250992509
350115101945006
100000773174927
330125731223152
100001016161515
514154541451425
193782464287391
014785236985236
222444666888000
730712123456789
139745685201992
100002015907988
123451234123121
159357147258369
022410000000000
191907244444444
987654321123456
340421719978026
321853218532185
123456789014714
334554321123322
830830830830830
210421020000115
659811425114520
165249348060425
852385215232002
123451234567890
100000482732045
000014789562321
159753456852159
135790987654321
159753012192606
123456789101111
858585858585858
163841638616386
123234345010101
100000618520430
169199412345678
100000619906935
171119876121399
100001552727497
456852789456123
666666666666666
041005015211314
123456789012345
010320009292061
515021412987851
198956196837258
199277777771992
197801041980222
190492000000000
100002006082715
252606762242513
100002136020478
123456789987654
589175891758917
987654321987654
951753789123456
110819961919149
121314141234124
190280370460550
210322103221032
520131419941205
123456789112345
123456789102222
589632147896325
123456789654312
123213213132131
100000873182883
315314622073792
111222333444555
032432309303068
010121232459876
123451234512345
351521007051188
100000136314610
951753456890427
135791113151719
122333444455555
100000081841823
200104564324125
210104522638008
049708464004800
199111412342828
123654789632147
555554444333221
112334556778990
081019841111984
809627002298097
335110123123456
512512512512512
111111123456789
147852369874563
199312319931993
526935719901990
311198519851985
123456789951753
123214565478987
000890328016493
520131419840208
910211011928888
123456789197887
940607123456780
198666666651986
198812225201314
011235813213455
520014389197400
025790257902579
100000436027102
153291532915329
456821896265321
010072302900250
248163264128256
121091210912109
111111111111111
888888888888888
753951741852963
159753123456789
000000000000000
123456789098765
159263147852369
060519890605198
199511129872145
966009660096600
314159262718281
741852963159753
753951789456123
123789456000111
135798642123456
789456123156489
951753852555000
741852963753951
