8516100585161005
1597531478963258
0100101101001011
3891421515141989
6968690469686904
2363236323632363
2512251225122512
9416941694169416
1977785614000000
1986689104041986
1992122519921225
3252623232526232
0802199108021991
1012289510122895
1199773300440088
2410241024102410
2241683822416838
0912102809121028
0822102101250222
0101201001012010
6253357123465798
0102003123456789
1234567891472583
1526374115263741
2838485868788898
1690216916902169
1812181218121812
1905197927101977
8139114681391146
4111111111111111
5201314123456789
1918171615141312
1993199319931993
5236045604561898
1234567800000000
0124106009010222
4444555557777777
1987031919870319
2101197521011975
1525354515253545
6920692069206920
0909198109091981
1969196919691969
6687668766876687
2210199022101990
1987112819871128
1975198220022004
7539511234567891
4000000000000000
0123456789012345
5465737454657374
2881412628814126
1236547896325874
0396227001352681
1995121919940907
1199228833774466
9876543212345678
9342934293429342
1990042619910613
0000001234567890
1994042019940929
1992042619920426
1616222216162222
8623182686231826
0123456789101112
4521452145214521
2323232323232323
9310008093100080
1809199908092003
2701197428101974
5533622855336228
4815162342108815
1976090770906791
9988776655443322
0110092427417725
7322553673225536
1969051619690516
6512651265126512
1314913149131491
1478963215987536
9090909090909090
8084808580848085
2468101214161820
1989080419890804
2410199924101999
7891401001041987
0817645208176452
1054005210540052
1984120219841202
1018352365243543
0110199601101996
2412198824121988
6666444477779999
0307198616051969
1308199213081992
2207199022071990
1984102819841028
4578547845785478
2006110619930523
4264520019663822
3377991166001100
3003199330031993
1990091919900919
1989052420070929
2823282328232823
1000011558131120
3384562633845626
0310200103102001
1702197017021970
1234567899876543
1982102019821020
1372137413721374
9944776688332255
1501199015011990
3200191232001912
0912198909121989
1983062219840622
2607197828101979
1987100619900520
1234567890101112
1213141516171819
7201252772012527
0604252606042526
2321095223210952
1234567890123456
1994042019930929
2243840722438407
1994199419941994
1357924680150791
0393741503937415
5652360256523602
1827364554637281
1994011719940117
1989061991609891
1000100010000010
0124756320963010
8975789757123456
0607201006072010
1475369987412365
2090909090909090
0011000000110001
1111111111111111
0123890116463398
0269874102698741
1992081019920707
9407020127669318
4305926843059268
2310199212121988
1993031019930318
0123456789987456
1234567890987654
1234567890016986
1104198228081985
2254225322542253
4741007447410074
2045395320453953
2158325821583258
9999999999999999
1905802520129128
1981011019810110
0707200707072007
1123581321345589
9212240151615161
7124359671243596
0511251405112514
1234567898765432
1702194117021941
1234223432344234
8957948089579480
8888888888888888
1991081319910813
2009020220090202
5205205201314520
1939090119450901
0221789119871220
7606760676067606
1609198310091986
6528058365280583
1223344556677889
1992011919920119
1234567890123345
0111100111101001
9407110153491234
1992102819870319
1991199119911991
1985081619850816
3008199530081995
1325467913254679
9118301191183011
1111000011110000
1908198819081988
0422111104221111
1600160016001600
4486534544865345
1535254565758595
1234567890860310
1993082720031203
0531567805315678
0123001230012300
0100101010010001
6607513266075132
8809072312170307
1992121519921031
9517538426000715
7777777777777777
2607199124091966
0101010101010101
8098809880988098
8163264128256384
2350538419934368
1979197919791979
1987090119870901
1789178917891789
9409125070912520
0711194707111947
1234567887654321
1234567812345678
0000000000000000
3333333333333333
4842484248424842
1374137413741374
1010101010101010
1827122718271227
1992092119920921
0102030405060708
2408198424081984
1179074411790744
7777777999999999
0000111122223333
1234123412341234
1612330710121990
0365366703653667
4304672143046721
3534354123534534
5105105105105100
8566854625662546
0912198409121984
1234567912345679
0110111001101100
2004121720041217
1986123119861231
8280199382801993
0540402505404025
1810194884910181
5232534141352663
7113598371135983
2211250022112500
1929394959697989
1234561233456789
1324354657687980
7166411771664117
3062470030624770
1234567891234567
2011201120112011
9090717273747576
5856864358568643
8855336688553366
4444333322221111
4444444444444444
1248163264128256
8711454187114541
