102030405060708090
010203040506070809
123456123456123456
031637077031637077
998877665544332211
123123123123123123
951852753951852753
250384250384250384
123456321123456321
181156181156181156
123654789987456321
040806648040806648
123456789789456123
147258369789456123
130619721346792580
999999999995201314
300000000000000004
112233445566778899
123456789987654321
238750624238750624
369852147741258963
235689235689235689
016103027016103027
123456789147258369
198623198623198623
258456258456258456
951753852951753852
910409065794123456
830830830830830830
147258369123456789
012666938012666938
963852741123456789
202123242526272829
193746825193746825
111111111111111111
159753258852258852
369258147369258147
458441458441458441
123456789326159487
121314151617181910
200500612242133652
147852369963258741
123456789123456789
520655899321456987
369258147741852963
778899445566112233
123456789000000000
020589020589020589
987654321987654321
123456789321654987
123456789012345678
110000100111000101
791114791114791114
569569569569569569
666666666666666666
633524693560138041
123456987123456987
987654321123456789
