01234567890123456789
11223344556677889900
00000000000000000000
11111111111111111111
01234567899876543210
10101010101010101010
24242424242424242424
55555555555555555555
12345678901234567980
10203040506070809000
01676139330167613933
08080808080808080808
11223344550099887766
79461328507946132850
12345678901234567890
11122233344455566677
33333333333333333333
14159265358979323845
13449897151344989715
09876543212345678900
88888888888888888888
19930102031993010203
22652013142265201314
14049557471404955747
09876543211234567890
75321456987532145698
09876543210987654321
73997399999999999999
48424842484248424842
01673565265934659346
01476476476476010101
12345678900987654321
00112233445566778899
11111111112222222222
12121212121212121212
93120144619312014461
09090909090909090909
12844321681284432168
78945612307894561230
44444444444444444444
01673221370167322137
78963524107896352410
