289
347
402
109
321
222
561
292
030
098
258
973
880
650
904
890
731
443
209
535
247
953
906
033
788
869
325
607
856
911
737
985
644
617
830
447
102
935
951
454
526
590
619
288
896
126
308
556
419
119
234
565
323
523
361
066
558
706
495
070
490
117
577
161
353
717
316
627
433
833
144
817
134
185
827
725
542
072
303
808
878
259
450
142
114
978
426
946
999
202
156
045
505
988
052
686
705
277
735
295
603
688
111
087
845
834
463
241
694
936
507
106
770
632
424
613
877
263
096
043
969
712
429
177
172
336
371
276
338
221
657
037
998
362
824
747
226
524
011
481
269
929
539
214
673
514
194
895
990
689
121
807
412
614
521
245
054
623
314
439
779
436
472
034
508
875
687
660
527
899
413
531
576
804
510
810
149
545
977
211
244
795
208
848
233
605
844
455
283
458
504
239
916
180
378
593
305
088
980
997
223
871
200
462
265
285
498
461
887
375
866
400
860
661
272
751
530
405
302
979
148
160
698
486
032
547
553
382
216
842
826
854
777
099
027
638
294
517
753
989
552
748
965
925
366
511
610
456
592
204
681
670
394
715
584
664
423
163
257
350
519
440
544
000
016
831
195
720
003
063
520
729
357
110
825
019
060
320
791
814
765
668
240
564
794
124
518
696
170
206
713
451
480
801
922
471
631
051
955
384
262
186
485
107
290
756
377
007
789
532
754
478
626
306
103
483
710
602
467
379
155
146
919
772
330
492
048
193
662
159
157
497
406
469
363
058
029
165
210
227
090
014
959
873
031
879
572
915
141
509
050
430
606
909
130
560
348
410
136
091
813
559
855
678
684
301
758
181
368
381
608
629
622
057
889
612
513
637
786
832
385
921
293
453
279
665
313
167
892
784
284
771
800
435
151
414
898
615
164
333
652
798
342
822
550
248
604
437
618
422
562
858
327
304
828
528
780
516
372
692
918
374
150
100
699
331
397
728
344
042
238
212
809
310
927
961
933
799
264
658
229
018
819
755
625
022
190
449
757
408
821
793
345
484
017
841
769
714
024
174
464
012
872
987
376
839
067
767
286
199
256
246
945
407
135
645
722
971
267
218
089
373
474
538
235
021
171
981
201
876
116
628
425
198
711
787
324
861
942
573
125
726
339
803
112
641
133
131
633
421
009
162
702
118
242
499
709
328
920
123
420
266
360
337
893
802
792
546
411
215
543
300
178
974
341
393
683
254
168
760
677
140
594
749
317
273
957
261
415
790
395
601
820
466
380
434
701
781
967
468
230
525
213
207
905
557
522
773
742
864
006
444
154
901
976
759
591
428
903
299
917
329
281
129
232
635
055
862
868
249
015
438
023
173
902
857
503
870
231
816
309
225
954
488
853
326
175
815
187
691
409
482
268
840
536
189
260
992
551
928
143
145
734
743
600
512
205
280
651
581
062
253
002
369
952
882
291
059
797
040
727
721
158
182
707
667
778
859
533
041
448
255
108
370
671
611
818
322
025
188
196
865
298
152
243
147
113
390
501
120
851
115
716
580
340
719
938
502
418
358
354
549
351
785
236
741
682
077
026
176
183
515
383
038
811
900
359
846
563
278
335
732
184
884
506
128
445
888
949
005
930
332
203
271
417
064
217
105
847
061
401
250
001
883
197
355
574
852
493
708
352
274
427
432
761
476
586
224
666
963
867
654
404
365
589
993
487
399
101
908
676
364
470
944
138
568
318
491
983
958
132
648
579
311
153
704
069
046
251
346
609
392
191
349
776
315
403
806
442
703
319
984
500
496
252
653
972
943
583
192
008
655
020
228
624
567
287
296
575
479
569
571
282
616
640
459
885
494
080
700
986
127
939
642
270
343
312
555
307
166
752
137
104
924
391
122
386
010
139
004
940
680
013
039
398
220
647
621
812
387
056
