1761
9532
0915
0118
2514
7507
4016
2822
8892
1067
8550
1353
0159
9678
9873
0883
4613
3138
3171
1516
1985
6276
1485
0372
7912
5853
3833
0111
1356
3278
5577
3050
6226
3937
5988
3293
4706
1234
8133
3406
3762
4030
1758
1457
8103
8991
9832
4068
0219
2781
7843
8820
5503
5593
5894
5436
2650
5133
8162
8588
1576
3754
6765
6784
9509
5713
1626
9780
1344
0102
5892
6671
6748
5804
7683
6768
4315
6273
3546
3051
3743
6745
7441
4032
3666
6111
2120
6062
7301
7509
5983
3065
8908
2506
6063
7067
4456
8380
9893
9558
9102
6042
2314
6049
5427
0852
6274
7858
1004
1920
0446
3379
5250
3077
0316
0517
5748
0568
7898
9414
9916
5789
3895
6670
1108
8370
4881
7259
1821
8744
9204
8163
9086
5265
3697
0088
6777
0264
3742
6387
7529
7321
0194
5655
8895
2882
4632
7924
1208
6146
1551
7664
1101
3584
8992
9091
7222
6093
1152
7577
4057
4076
6798
9039
0268
4673
0362
4793
3509
2954
6554
6356
7889
8302
3162
2675
2920
4704
3906
7795
7589
7381
6016
1436
9290
8096
0515
6900
2257
0845
4850
0143
9698
4329
1406
8286
8348
0933
7406
6752
1881
8404
8906
2106
0577
3323
4911
5245
0230
7864
1484
7197
8528
9017
0897
4375
1547
6405
9778
1980
9317
5745
7034
8700
5098
5848
4649
6975
1876
9365
9981
3867
4766
4461
9610
7268
0623
9623
7767
1292
5897
8008
6669
6909
9617
1096
1716
2058
2152
4940
0334
4099
3657
2409
3908
1665
5392
4335
4146
2664
9940
5288
5672
2259
6367
6078
4753
7753
9850
9626
7168
1775
6956
3855
8615
9355
5022
9084
5995
3609
0198
7173
5453
2093
3428
9080
1115
8663
7519
7311
5343
9391
3734
4036
1594
9866
3498
5044
3673
3889
8886
6365
6646
3945
1897
4885
6303
7374
3597
0323
2700
5416
1137
2896
2353
0354
1215
2199
2802
8538
9384
3884
8496
9213
5900
5865
0421
8575
2271
8647
0501
0052
7363
7822
7041
2786
4196
7248
3445
2530
2401
9928
1438
4728
6716
7725
0903
7747
2010
2820
4949
3079
0954
2811
4358
2771
9214
5318
3814
4291
2377
3819
0001
8504
9470
6082
8409
2457
2758
2997
7271
1181
1489
6626
7463
7724
2228
8827
2646
6012
1959
4559
8628
4351
3095
5854
5553
7126
1288
1092
1605
6786
0603
8168
1953
4006
9970
2224
7544
7346
4683
8241
7070
0132
6507
1812
1332
6436
1355
9564
4995
6688
1524
7436
3905
3731
8614
2893
7982
8181
2100
6033
4931
3025
6696
9874
9573
1282
8195
7915
5398
2759
1404
0186
2526
4128
3060
2940
0914
0716
8004
9122
6266
5888
3464
1513
7987
3223
7004
0760
6781
1394
5354
5519
5311
5953
4643
7131
2356
9756
2003
4251
1151
9890
6131
8676
0000
7343
0597
7076
2616
1258
6714
8432
3640
6378
3980
9971
4660
3405
8515
0121
0105
7137
0837
6527
5958
7416
6137
5707
8904
0945
3533
5327
5971
3337
0649
6133
5276
4802
0285
3872
8462
2284
8376
0445
5639
8735
5915
3649
2175
2746
4344
7887
8708
3055
9833
8639
3391
8616
9053
3549
5883
1471
0642
0699
8772
3946
6181
2959
2069
1711
5262
6106
7691
2268
8934
7000
1317
5616
9776
9072
3948
1186
0329
5137
7193
4514
4316
1887
5018
2051
8044
0114
6148
6317
9018
2347
1631
4568
5817
1022
1303
4696
3617
5401
7025
6023
9374
5596
9004
2741
2373
8768
6728
7622
9990
3335
3627
4245
2308
7003
8776
4712
5280
3825
0227
1453
3106
1324
2230
9411
5029
5806
6000
9712
1170
5628
3393
0955
1102
1829
2884
8958
0022
7817
1946
8741
3611
3857
2491
5676
8765
7017
5663
3506
8316
4265
7971
8669
5236
1076
6501
2915
4450
5599
5391
6193
6124
1089
8712
8310
9967
9649
3926
4049
3067
9918
3529
0971
9606
5068
1236
2208
3220
4310
3560
4165
3096
6508
8291
2726
8842
0639
1756
0031
1782
9108
3290
1020
7778
1479
3681
3923
3932
2806
7019
3444
8083
5213
6325
8688
0461
5172
7569
7361
9176
4825
7446
1405
9999
5943
2992
4952
4623
1053
7543
7844
1995
0310
7476
8126
8987
0283
5345
1943
3996
1767
8226
6881
4389
9182
6931
2366
5186
7855
0353
8971
7177
6395
2953
1338
0851
3965
0296
4469
6649
2125
8090
7965
3812
0030
5937
4405
0135
5116
6347
0770
2012
0490
2705
4537
2327
2145
4720
8099
2980
7996
5041
1770
2355
6666
3353
8572
3555
4044
3919
5358
5709
7422
0901
4597
4857
7030
6556
4971
4599
4391
2756
0530
9329
0948
6236
7769
7382
9085
7953
3020
7211
0919
0711
0286
3369
2429
8164
7610
5830
1845
9766
1009
0304
2671
7347
4960
3606
1363
8394
9856
1374
2673
0653
8526
5627
0924
0726
4845
0640
0625
1026
3021
9181
9041
5845
1071
2151
0350
3675
7228
1650
7682
3910
8880
7128
7094
6618
0769
9725
8238
8203
3420
0612
4001
2172
4198
7993
0053
3432
6209
6711
8437
7174
9527
1891
6964
4303
9699
4821
1176
4496
5073
8076
9629
8826
3134
9092
3321
8385
6991
8840
1707
3458
0910
6921
6371
6579
9495
5384
5476
3349
2595
2648
3759
1777
2929
1802
7888
6580
5835
5289
0129
3858
9858
2438
7673
3131
2872
0647
7835
0284
5687
4029
9546
3767
8901
8802
2556
1996
4992
5206
8864
1593
7853
2115
7893
0975
1604
4055
1256
5056
9737
2711
6173
0565
2317
8631
2639
3536
7196
9596
4288
3733
0059
2370
4204
7730
1844
8388
1791
1397
4221
6617
6712
3259
2055
5235
7242
0533
0168
0575
3372
6972
8006
4546
4549
3326
5387
6058
2519
2916
4447
6633
7163
2287
2513
3633
6372
3902
1475
6922
9857
7805
7572
1481
5826
0275
1346
0821
1583
5611
4565
3012
1013
6045
2339
6252
4829
1012
2674
8531
5679
2909
2615
3569
8879
2697
9294
8577
3966
9119
4321
1562
5082
3028
4529
1300
6491
8201
3852
9868
1195
1122
8000
2887
5751
4780
9368
2841
6846
5407
7487
4954
3951
0314
4619
9309
8610
8798
8687
8471
3563
1537
7462
8579
3461
4168
0894
5025
4114
5339
5723
1474
6543
6844
6563
6864
9481
7502
5552
7015
2205
6737
2900
1919
7333
3179
7851
6510
8838
1125
0419
4174
8599
4679
9010
6177
0455
6073
4047
5122
7983
3803
1979
8627
8722
3954
1339
2933
7729
2985
3907
6300
6339
6641
8806
6243
9272
0322
7633
2227
8746
0604
0100
5994
0080
4471
9816
4997
0006
7824
7523
7707
5344
8111
8868
1185
1109
6294
2998
3396
7964
5760
7612
3871
2204
2880
4541
0860
2436
7050
9644
3418
5918
9765
7062
8272
1017
6466
4445
4330
0923
7675
2499
1864
8565
4309
7155
1591
8804
2311
0450
5920
4873
2891
7826
7690
7029
3085
6315
1846
0142
5054
4225
8796
2196
2601
7251
9462
7324
1366
3893
9774
0681
0400
4687
9277
1401
2220
0226
0991
9663
0728
7653
1105
0626
8852
8983
7080
7033
8552
4521
1701
1983
2388
3334
4323
6940
4254
8229
9790
2533
5987
6333
9574
4028
4125
8607
8210
6417
6978
6861
1381
3122
5439
1309
9927
6009
9631
2874
8807
9830
0896
7143
0378
4647
6094
2613
8863
9483
8527
5886
4750
4482
2496
9748
1860
0441
8389
8259
1612
9705
8551
4442
8836
7687
5906
5404
0947
1696
5000
4005
7782
2095
3687
7981
8064
5957
6407
5560
4428
7315
3792
3922
7920
6305
3403
0092
2359
0412
7627
4485
9713
2659
3010
5362
9123
4120
7169
8845
2416
8952
8187
1885
9798
6771
5304
7018
7093
7230
7951
8703
7073
3033
5269
9740
9742
3168
6151
0017
7722
4636
9325
3983
8206
4137
0759
5651
2903
3030
4702
2932
1630
5481
3286
0637
6354
3547
2348
0426
0260
9694
8071
1262
1037
7360
1552
6644
8814
9359
8757
0555
9320
4716
6090
4283
8495
2216
4522
5604
6664
8960
9792
7615
7562
5143
8803
4237
0029
6709
6482
0571
0456
4794
1428
2870
3927
3532
1781
9011
5952
1127
9331
6955
0427
8342
6515
0700
2834
9881
3015
5793
9588
6020
5667
1044
9114
2574
7897
1410
7624
7354
7267
1809
2698
7365
2454
1932
6385
1207
6853
5938
4920
5529
5321
6341
6549
1150
4106
0629
1609
2282
0680
0250
0890
0584
0210
9337
8535
2014
2242
1832
4746
6024
8290
2635
4343
4277
8965
7207
6095
0288
3752
0551
7300
9439
7225
7938
1964
7896
6264
1488
4805
7162
7946
9656
8456
0256
2420
7328
4550
6949
4944
8356
2258
2034
3913
3963
5889
7026
7921
1387
3011
2279
2805
5525
1469
9876
1427
1728
6811
3890
1947
1742
1018
4062
8587
1659
9771
4460
2232
2566
3713
1808
0420
8289
6357
5462
4222
6453
6635
6818
3243
7686
7759
3507
4425
2469
9653
8732
7923
3667
1671
8923
5929
2558
2070
3722
4327
6586
5135
7841
2294
7099
1531
2592
7264
0113
5945
7213
3439
5175
3997
7929
6435
9452
6867
5884
5583
3361
9269
2511
9318
8415
5375
9427
6538
2137
4180
8297
1391
1564
4882
5880
5600
3195
9298
7053
8785
1525
8905
0272
3467
5165
9195
1085
1352
9659
3614
3485
2352
0021
6216
4058
8011
5755
7992
0730
3655
6545
5333
4548
3516
8403
6705
5839
2153
6585
0020
3514
3053
2974
3325
5850
2876
4322
8039
1689
9934
9728
8059
9435
5030
0306
0507
1581
6076
5363
6487
9280
2753
2676
1144
8725
2657
2765
2200
0003
4033
5293
8794
6196
9203
9915
9666
1454
8602
4637
6184
5356
5554
4021
6068
8368
6165
2062
2364
9235
0511
3035
8961
4004
5315
7140
9431
7665
5486
1693
3706
3585
1139
0911
2480
5646
4536
4666
0889
5386
5584
0838
3355
6969
6561
0201
4261
2730
0808
2704
1476
4580
8422
2222
4459
2779
6569
6361
8473
5761
1046
9305
3081
3141
4867
9907
8373
1973
1312
6841
9287
5295
8816
7370
5538
3823
8447
3080
8488
0713
6650
7538
7056
5370
4011
1307
9519
2797
0262
7839
5710
4616
2589
3607
7008
3208
8637
1061
4429
8560
5504
5306
0259
9565
9511
9145
2187
5390
4791
5941
7291
9343
1148
2879
7195
7557
7340
2190
1365
6389
7090
6412
6239
0466
3744
7091
1103
5352
3395
7605
4282
2794
1836
8482
7908
6904
2162
0561
1558
0658
8148
3530
5784
9863
1686
5086
7059
3059
3488
5562
2047
8152
6286
1498
9555
8545
4776
7566
1260
5161
4726
6011
5821
5128
9548
2440
4621
2328
5521
5160
2770
7020
1318
8212
6330
1077
4422
6200
5758
6114
3865
7054
7788
3775
3918
0843
1330
4133
1901
6565
2452
3378
4676
8871
9468
4141
0368
3343
7147
5031
0343
8642
3184
3203
0916
0715
0414
4269
6602
2642
3809
9612
4674
8191
6126
2342
8251
4744
3415
3248
7263
4441
2847
1680
4542
4813
3101
4285
2986
2431
7598
8745
8665
9242
8440
9879
7986
8653
6541
5443
6262
6774
4796
7645
9996
9494
4382
2691
3064
5570
1834
8106
3988
0443
8866
3992
1507
3679
6258
4226
4627
5530
3877
3631
3234
2728
2427
9899
2335
8329
5399
8540
1359
5869
5858
2573
9458
4152
4223
5310
8931
5201
5147
7310
6144
7870
6609
4998
1503
0645
7217
0928
0559
8910
9887
5749
0987
5381
5589
3448
2166
9598
0393
6785
6724
8243
6370
8433
8270
0602
6913
9327
1760
1530
8338
9007
7783
5465
9963
8791
2473
4052
8235
0611
5603
5300
4305
1606
5351
5559
1623
7124
1095
0805
2001
2127
3625
2529
9903
1166
2176
4194
4181
4958
0676
3359
0754
3952
4582
3152
8944
9625
8833
1278
1219
4155
9708
1942
2375
6052
2552
7071
7176
2682
7508
3515
2382
7200
3647
9895
3309
4002
0613
1345
5824
5523
3592
7303
3892
2362
1926
8769
1529
7621
3262
5483
7591
5485
7842
5847
3822
7184
6155
6820
5151
0842
1237
1255
7167
1133
0969
0761
2233
1327
9791
9752
9513
0313
6605
1721
4027
6890
6065
6260
9998
9486
2167
2662
0318
9373
0239
1811
7362
3729
1556
3127
3197
2247
3799
7737
9037
6927
4293
2278
0147
2835
9013
4691
5248
0942
3854
1695
9014
8834
8244
2036
5564
5366
4922
8019
5328
6348
3214
4231
2254
3715
2079
6607
4039
5437
7208
8239
9449
2344
9314
2042
5815
8393
5402
3300
4641
4013
4840
5904
9741
1168
2945
0248
0158
4359
1070
3465
5488
3652
4087
0241
2838
2807
1850
6875
8340
2331
8926
4798
2050
7651
3978
0811
9227
2384
3100
6951
2182
5003
2492
1164
6460
3761
0383
0892
5084
6138
7229
5582
9392
1228
8955
0154
6672
1554
5395
6080
6986
5536
6489
2150
6404
9326
3037
3276
4019
7064
7289
5743
8790
8661
6268
7453
7777
4008
8205
9098
1625
2324
3058
9572
8484
1685
8345
8156
8574
0008
8850
5569
1314
2202
1746
7037
7700
3635
2459
9233
3756
9048
2415
9911
1639
8933
9215
5100
4544
2111
4346
4947
2910
5777
7944
8763
3785
6211
0181
3796
9956
9454
4855
1838
4486
4243
8670
6727
4584
4386
8782
4895
8256
1112
8949
8812
6916
2550
1683
9829
1806
9296
5754
7684
0496
7891
1298
8401
5756
2554
2788
2487
9127
6767
7270
3322
1202
4395
3002
0012
6957
1111
2005
9078
8742
1083
8733
9867
2562
1321
8438
1797
3500
7202
5243
8193
5770
7865
5365
5357
2584
8093
5379
6675
5479
2168
4665
7180
4970
3501
4505
8475
7883
0865
1056
9083
1443
2827
1121
6720
4889
1877
7794
6280
6191
5576
0175
9190
8073
3157
0777
3269
9884
9583
2634
5007
7504
7306
2039
5108
9959
1984
8962
8392
1915
6526
9321
1960
1817
8857
4859
4326
4524
8078
1800
9056
5472
4681
4025
9021
9275
7797
5613
2895
2038
6763
9075
4899
4426
3510
6557
2603
1989
9498
2968
3726
7108
9937
2081
0503
3282
6422
8737
6625
9685
0965
8463
4280
4530
2917
7559
7351
8084
7158
5960
9383
8318
4124
7872
3512
4390
0011
6797
3174
5319
5011
6983
6888
8292
7432
7823
9544
2020
4173
1893
8693
2164
3610
4312
4200
4567
7109
5009
9140
4409
3648
7632
7770
1393
9966
9464
1762
6419
9246
2544
8617
5982
0950
3561
9087
3621
0786
0984
5189
2707
5454
5956
5629
2531
7472
3356
6623
2479
4140
9062
6071
4066
4662
0255
5786
6275
1892
0199
2280
1263
7666
2764
2428
0182
4043
6208
3267
5226
5192
5895
9220
9872
8013
2931
1016
2073
2102
6934
4502
9736
8030
4968
1093
8466
5423
8428
4419
6431
0222
8275
6281
2871
0926
0725
0424
6743
5396
5594
1700
3850
8105
4038
8754
7542
6246
5203
7534
7336
3414
4185
7179
1414
3788
3487
7258
8436
1662
4581
4213
6657
5487
7740
1568
7885
5934
4113
1997
8303
1780
4626
9322
4479
5650
0061
1763
4942
7553
7854
7238
7493
9688
7065
4105
6863
9948
4275
7021
7035
1744
7710
7723
8848
1904
4332
6455
3339
8324
5974
9079
4342
4589
4381
6477
2565
9425
8042
6240
1079
3160
0328
4372
1734
9250
9395
1796
4439
2021
1191
8127
3969
1328
0403
1508
8406
9504
6112
8499
6505
1251
4235
1323
4984
6129
1857
3817
7819
6512
4684
0225
3608
9381
4078
3381
7139
0580
4611
5264
7138
3140
1858
9687
7127
7641
4653
7307
4184
3651
2240
7791
7974
2112
0468
2858
8460
3669
1540
9207
8293
8932
9052
7934
5336
5534
5469
6801
9388
3802
8677
7187
8457
1634
0840
3503
2695
7256
5047
3224
4017
1052
0034
5215
6632
9064
1657
0641
6363
7417
4520
2139
5173
4908
4737
0775
0474
0976
1064
0844
9313
7373
0995
2198
0959
5220
0592
2122
9852
4101
9369
7198
1749
7760
0112
4808
4903
6536
4355
4144
9993
7119
8861
4220
8098
7970
2630
2414
5703
2219
1349
4085
5060
0065
1514
8620
2719
8069
6179
5819
6392
3769
6663
8430
4045
9619
4917
8876
2236
5457
1861
6839
5059
1913
3636
4264
4671
6862
5700
5309
0891
1628
2951
2025
8680
6990
1951
6259
3163
4631
5480
2488
6320
8213
3132
3741
3898
5991
1027
9156
4115
7183
7925
0963
0356
0557
9282
3401
0478
5820
5164
0019
6840
5316
5514
7272
5708
4980
1068
1035
4077
7754
4230
1779
5879
2792
2661
8831
4576
6930
9404
9906
8372
1673
5112
8751
3582
1218
6121
8135
4432
5964
5842
4340
4607
0475
2535
7337
9809
0526
2578
2354
2923
1354
7145
9917
8295
1883
7904
3311
6409
8077
6375
6962
5246
4919
4624
2665
4511
9251
1968
3891
7693
4215
3254
5461
7763
2181
0415
6139
7450
2141
2812
1916
5102
2383
4233
9354
9035
5170
8612
1999
7514
2672
6582
2077
2445
1640
4385
7644
2716
8648
4273
0652
9943
0616
8553
8284
3294
4345
7024
9862
3392
3774
9817
3777
2485
4135
9300
0131
0913
8224
9745
2549
8273
2813
8649
2330
8917
2408
2041
6332
7275
0165
6492
2943
1280
8060
6257
0465
9168
2040
1335
0047
5970
7005
3820
3967
6210
0384
9969
3199
8900
5471
2336
0662
1519
6920
1546
3007
8558
9166
5372
7426
3863
3701
0010
6322
4088
1987
6596
9212
2849
2085
3215
7799
5111
7384
5177
4404
4906
2194
3746
1140
9226
3371
2681
0361
7078
0215
8946
8444
8672
2217
7232
7845
0247
6896
6803
3352
8556
6484
2413
0543
8503
0075
5045
2983
2292
1527
1950
9375
5664
8258
2946
7431
0740
9479
9795
9273
8024
2996
0875
7894
6769
1192
1880
8202
7298
3263
6959
9120
2688
3212
8800
4531
7582
9810
0070
3693
2939
4481
1342
9033
7372
3885
8151
4717
7022
0166
4035
0902
2937
8442
4690
7985
1587
0453
1718
1417
9886
9158
6860
8351
1480
6377
2211
5633
3052
7471
0790
0899
7423
2444
5658
3523
8479
2154
1200
8026
4554
4356
9278
5091
2430
5693
8378
4210
9855
0093
1649
4510
4170
8701
8017
0115
2080
1541
2323
3732
6234
1216
4489
5426
3230
7802
9706
6158
8896
5146
7809
3795
6559
6351
7620
7881
6446
2934
2767
9444
9946
7771
2008
8925
4296
1575
9347
4130
6432
8369
6034
2265
4238
1172
6271
9397
7838
2425
0714
0998
3417
3718
4555
3246
1830
2727
6775
7597
6606
4714
9681
9581
9955
1765
1370
4427
2739
7565
0767
1160
5074
8645
4487
7221
0605
1939
2361
5702
0819
8518
7380
0452
6721
0056
2930
6018
6640
7913
5475
9402
3281
8252
7455
8985
5034
1506
4711
2668
4836
4069
8218
7948
2867
5668
4473
7475
7444
0074
0470
0884
2995
6731
3486
3390
3383
0830
3634
0187
5686
4876
9753
3460
2398
2446
1267
2599
1669
3790
4151
6215
1543
3553
1851
9441
7808
4603
0150
0654
1825
5735
4552
3022
9491
6681
1376
3593
2787
6901
5859
3839
2576
1934
2542
1652
0095
2109
3275
2652
6358
4858
4953
7966
3556
6022
9031
3572
4731
2239
0237
1163
6815
4397
1441
3451
7669
0119
5592
7820
0208
2231
8713
7477
1752
5153
6754
3491
2505
8837
7999
4060
0416
6096
4590
8689
7305
6708
4420
5876
7997
7086
9839
4771
8709
8684
8630
0679
9550
2422
8542
9848
0988
1992
2633
9222
3116
7765
2833
5157
9898
6017
5595
6427
3720
2747
2582
2300
1058
0985
8728
9717
4533
4834
3394
4814
4513
5380
6826
7335
5076
2306
8788
4218
5208
0643
8867
5512
9994
6213
6019
5191
3186
9502
8660
5467
8624
2752
7988
6667
1512
1230
3623
9944
3340
5211
3753
5515
0670
2784
7515
5185
8823
0774
1369
0934
0736
2018
4700
4504
4306
3567
7903
7585
6026
6693
8982
6936
5350
3164
2132
1684
9135
3551
4996
8347
3366
4166
4777
1743
9861
2412
8353
3598
1473
4299
6072
0522
2522
3717
8180
3421
7796
4064
6703
9382
3550
8483
1197
2158
5154
8704
8253
1129
6791
2482
5227
1595
4826
3815
3329
4848
4877
4470
7393
1253
5678
3976
1600
5101
2201
9025
9763
3049
1135
0800
7464
4410
0712
0648
8278
8596
8832
7151
5642
9487
5547
4257
5290
4538
2468
0780
9492
3388
2403
9952
0731
0939
5014
6198
6616
9735
8646
0244
7269
5638
3590
1431
2465
2670
8513
1390
7850
9071
6247
4297
5066
5637
5618
6353
2878
9069
9586
5451
2993
4227
4598
0104
5954
3443
0382
6183
8817
9924
7096
6572
8883
6074
3628
1187
9177
0330
6647
4378
5477
6420
7936
9134
9686
2203
0087
2119
1065
0076
2337
0832
8748
1261
5180
8968
1667
5866
5998
5062
4972
1577
4466
6540
6269
3735
8939
7106
3831
8371
4259
6952
2016
9185
6824
6523
0083
9028
8711
2507
5993
2372
3314
5634
2641
1660
6710
6319
2724
1982
8856
4236
3429
3920
6008
3318
4031
8699
0512
0163
2798
2497
6788
8020
1501
6249
0817
2742
6911
2594
8200
4817
1062
9528
9536
2988
8123
9600
9173
2402
7570
2569
2685
9225
3115
1014
7404
1884
5069
7349
0307
4278
6253
3046
4774
9236
1395
6398
9289
1740
9684
4708
8780
9450
2621
1396
2845
5581
3931
0134
2295
5903
4108
8260
2117
0217
1146
0930
8053
3434
6217
9070
9179
1362
9463
4364
0170
4371
4579
8208
9372
4592
4759
3475
5229
6668
6604
9224
3591
0469
9126
6783
8771
8881
3800
6069
9307
5149
2775
2274
5150
4921
9169
0207
1792
7009
5601
3838
4745
2065
5800
2099
3962
3272
8930
9851
5079
1835
3307
1753
5936
5434
6205
4770
4379
8702
0189
6894
8508
4523
4824
8062
1030
7578
1337
4339
6850
4658
4730
6219
2885
9187
8264
8311
1868
0724
3840
4063
3489
1955
8516
4946
4444
2495
0289
7142
2419
1561
6490
9161
9647
2191
9059
0317
2736
2851
0058
5039
8603
0873
2310
5261
3399
8821
1961
1348
4463
4799
2679
8129
2905
3520
9697
8783
9595
5298
1470
8173
6474
3616
4286
7649
7868
4528
5913
6780
6267
8862
2645
9370
8102
7449
6973
5775
7755
9430
1494
6485
9002
2082
1509
1190
1460
7600
5907
9436
4909
0665
6166
2387
3847
6595
2221
1694
9005
8710
9403
3688
1126
5797
3430
5021
9200
4156
5055
9128
3284
0406
2568
8166
3242
7282
9929
6383
3202
8307
9615
6399
7253
4682
1906
1194
0124
2421
7663
0363
7719
7201
4163
9171
6134
8121
3580
0224
5266
6107
8104
0992
6967
2090
0920
8157
1641
2738
2437
1010
2002
0931
6656
9405
0338
3139
6859
8334
4874
4573
7414
8395
4640
5183
5464
5966
9288
0529
1472
0273
3332
6136
7947
4575
4710
3646
7175
6895
3707
1188
5961
2955
7429
0834
9592
3074
4446
6195
4437
1242
4680
5715
3185
8723
2290
8230
3670
0660
3534
2170
2958
7756
6003
9818
7581
1331
3027
6292
7440
6794
3469
9897
2583
4500
6101
5085
5042
1638
0531
0277
8113
1663
9972
6779
2214
1411
1656
4246
0321
6039
8014
5019
9106
6287
7906
3724
5331
5539
8512
6010
7039
3347
7353
6805
9662
2144
5732
7699
1084
6041
8719
6445
3360
9900
1499
3178
7231
5580
7732
1364
4026
4622
9183
2515
8501
1031
8209
7609
6304
5187
9719
0659
3204
7650
0173
3618
5338
1886
2494
4588
8080
8364
5980
9219
6905
4912
3950
1423
2570
9159
9965
8358
4993
3463
4898
3068
9050
7116
6454
3862
9671
1738
1437
9883
2731
3270
5382
3650
7079
2481
9904
0663
7134
2571
5367
8576
6468
9576
4311
4519
8641
9401
8720
1585
2832
1611
2185
9461
5275
0734
5032
6611
7236
5950
6601
7389
1492
3605
5625
1717
0900
5425
2148
8626
5502
1274
1533
1841
6007
5448
8261
4886
6415
6225
1534
6897
6329
8753
0585
1244
3565
5717
8458
8058
2064
1725
9936
9434
8779
0138
9477
2188
0514
0548
4360
4854
4553
9599
5459
2453
2825
9170
2899
6450
3261
3579
2368
4961
8032
0727
1449
1785
1011
9423
9825
3459
5337
6105
2971
4721
9571
9962
7190
5400
7482
2712
1118
5896
9510
1456
8266
3039
3747
1385
2892
0708
5630
0881
4347
5272
1615
4795
0180
0684
5078
1179
3645
8969
7847
5242
6028
6125
5182
9160
7580
6100
9560
5719
6222
5783
2456
3528
4477
9429
7717
6313
4102
5489
0128
7057
2715
2523
4875
0492
2110
6630
1500
0471
2260
2316
1429
2744
1493
5989
8183
7963
4081
3266
3066
8120
4810
6115
9151
1380
2238
1560
7818
3499
0192
8573
6465
7495
2135
5681
2266
5466
9794
2262
8940
4797
2281
9821
3794
8359
2173
8497
2056
3578
8255
5482
5801
1958
7890
1815
0669
9746
1184
0263
1199
2656
1642
6295
7670
9909
6790
6713
8714
8352
5254
6128
6560
6103
1804
6081
0804
9223
8921
7489
7702
5231
8234
6686
4430
7104
0489
7434
7375
3416
4086
4981
5902
1386
6648
3057
5302
4587
9362
7277
4755
4318
5505
0789
5660
3308
1975
5347
8509
0486
0394
5176
8346
0827
2022
5586
5607
8074
8189
3581
1072
7313
6673
2304
0856
1120
8770
5725
1214
5799
3009
6289
1990
4319
2586
3521
2379
9022
5807
5818
2400
1205
1727
0810
7537
6878
5662
8690
7087
0509
7630
2625
6857
5452
9788
7480
0747
4757
5063
7613
0528
9744
8853
4167
4276
3709
9613
9811
2611
5115
8890
5677
1266
6567
7255
8801
7496
5222
1477
1778
4558
1621
7419
3480
0051
6532
6425
1284
8924
8451
6242
8216
5766
5626
6458
1306
7385
1403
6856
0064
4615
3630
3901
3848
2540
5518
8698
9413
2585
8131
1764
8100
2147
7149
9390
7525
7518
7210
2928
2435
5689
0294
0195
3957
6323
0746
0944
9690
6578
4499
8559
6089
2708
2407
2004
6055
4438
7736
3410
7309
2861
4216
6397
0918
6493
7451
1633
4915
2286
7950
7685
5373
6808
9759
1691
7678
1843
0090
6117
4786
3764
5028
3853
0249
1426
8789
4098
8813
9303
5494
5996
6984
1340
0867
5731
2057
2160
7731
5359
9889
3006
4377
7456
8192
2714
5510
5643
8762
0877
7244
4407
5578
9141
7068
9497
0458
0340
8583
8420
9202
6013
9508
4290
1670
8265
1305
0467
5757
3412
7991
3121
7409
0666
2210
9616
9118
3209
4247
5541
5949
7345
9047
7968
4435
6161
1294
0749
2226
6914
3298
3384
0582
4250
6036
9870
9191
8915
9323
4724
1875
8664
7536
9060
1021
0538
3577
7215
0885
7758
1036
4260
1283
1559
9260
9057
4337
8566
5330
5728
4188
1003
4551
4951
1879
0280
0342
3045
0488
7713
6001
9237
2987
8822
9885
2096
7483
2979
6548
6066
4806
9356
1447
1748
9448
7522
1444
0743
4853
6954
3798
3117
3094
2263
2536
9926
9424
2143
9361
4667
1319
1900
1619
5528
1676
6050
3494
8300
7257
2559
7900
3449
3454
0850
3758
3457
8734
9974
6773
8246
8659
4272
2277
5496
6587
2123
3808
9587
2548
0872
1055
7405
2091
0082
5813
9319
6467
9722
7524
7326
3129
9482
5005
2606
1872
3078
8018
1091
1113
2504
5802
1924
3333
2183
4633
3219
3110
1801
3091
4950
6091
8532
8383
6130
4255
5747
2686
4967
9082
6163
2291
7604
9353
7154
4929
8012
6697
8450
0149
3930
3385
2970
4991
6958
7170
3161
0234
4206
6517
1602
5134
2914
7069
6531
3187
5744
2329
6002
5782
3728
3427
4179
0508
6652
2596
3024
8882
2913
9729
5046
5908
8598
9877
4412
8222
4197
9465
8398
2829
6265
1290
7626
1909
5127
7049
3367
2525
3888
3562
0326
0527
5752
3984
5935
6761
8344
3468
4240
3684
7831
8176
7909
2883
4072
4449
4661
6037
3540
7205
4143
1057
1432
1252
8811
8855
2267
8280
2063
5905
3357
8312
4142
8041
4918
5694
9419
1536
4743
9638
1965
7387
5734
8366
8568
4370
2406
6167
6610
1478
2255
3268
2318
5939
7910
7556
0358
6733
3602
9228
3816
8274
1927
6592
3350
5711
6307
5234
0204
9632
2948
3851
5841
8970
8675
5010
4100
2649
2637
2432
5104
7081
4110
2349
8336
8953
8562
7388
4050
0723
5893
1598
7711
3382
4646
2597
1063
7677
7634
1890
4963
4868
6070
6479
8220
1158
5571
1515
6373
7979
4686
0320
3289
0397
4350
6719
7130
8621
1706
1149
3770
2866
9094
6682
8161
5015
3073
6199
8485
6942
9518
8287
8731
4139
5403
3811
3173
7706
6147
5267
0788
9930
3029
3048
4274
9006
5922
4018
4472
6498
3676
3806
9880
6698
7776
7704
8361
0418
5614
2486
5247
2623
4157
5419
9113
1409
6550
1690
1231
7369
2092
6608
9786
5388
5776
4012
5921
0162
3273
5825
9603
1688
6695
1823
7939
9363
4122
6408
3047
7801
8281
5527
8755
9198
1334
8984
1969
4948
2448
9803
2333
0336
0537
6627
5549
5341
7520
8760
6628
2293
0103
4914
8681
1588
8520
2000
6547
2965
9522
4765
4162
5168
3568
7922
2809
1141
7013
6941
6141
7550
3818
6637
1351
4191
1713
1220
0229
3397
6175
1147
7596
5089
7395
9186
3017
3295
0432
8282
1709
0297
5910
5740
6084
1819
9286
1719
9252
5969
3846
3008
9001
7497
7481
9284
4478
2815
1069
1060
9985
6892
5263
1613
5334
1776
5609
9257
9144
7733
2718
2417
5138
4734
9259
4354
6634
4560
1248
7945
4532
4202
1869
5771
7911
6237
9551
2545
4067
7101
0485
7901
8186
1766
8634
0796
1637
3042
0319
0655
0556
2192
3093
3363
9521
1032
3250
7121
3189
2626
4307
8979
9103
1229
2567
3409
2524
0864
6171
6971
7308
9376
4145
5741
4212
1616
9535
7010
8877
7773
9351
8309
9027
9727
8413
6282
5531
5931
1994
3911
7100
6865
3789
1211
5090
6715
5037
9194
9700
2206
8046
0581
1704
4934
3424
8001
2252
2760
5095
6206
5688
2218
1822
2706
2790
7486
5887
4119
7102
2683
7378
9130
7060
1081
6886
8221
7742
5016
3107
5545
9769
3564
3725
2643
6159
8767
4608
9734
5833
1666
7295
7469
4402
3638
8666
5323
4325
5048
1993
1272
0391
7397
0116
6939
2426
0596
0874
9696
0857
5113
7125
7654
5787
3258
5899
5204
3159
7443
2618
9541
8547
2689
4694
8697
6014
1249
9107
9208
0401
1412
0599
2888
7338
4495
9680
5023
3376
1398
1008
3643
1617
8828
5666
5450
3694
1458
6369
3312
9591
2389
8227
5673
4267
6352
0688
0974
0776
3344
3327
3450
2351
0729
9878
3119
7701
3136
3231
4418
8706
1455
1682
0510
7528
0266
0768
8695
8918
9669
1217
8636
0609
7703
5851
9584
6822
6459
9989
7931
8844
7869
4109
5911
8919
7694
4975
4090
7132
1895
8914
8268
0841
3883
8109
0172
5008
0191
7661
5785
4801
3917
6343
3061
6612
4654
4214
3531
0347
3495
6736
1937
2169
4368
9980
3695
0422
0961
0632
8650
4093
3654
5117
9262
9568
6418
4053
0785
0484
0986
9455
1440
4605
6212
2054
5930
3981
7111
3672
4192
0258
3719
1820
3993
5258
7803
8472
8355
7899
2068
7584
7386
7171
2360
0500
6488
1698
9843
1276
4989
1106
3813
3987
4148
5171
4675
5279
1535
0123
2297
3191
4506
9276
3280
9679
1420
2024
8859
1054
2376
8116
5690
1117
6083
1644
5036
5131
3479
7506
6104
3320
3956
0797
0133
3304
5291
2810
8072
1918
5071
5197
8536
1416
6285
9015
5067
6021
1542
6568
7063
0610
7165
7237
1745
8005
3821
4812
0282
7930
5857
0815
3835
3306
3624
2889
6452
2647
9378
2442
6428
8034
2743
2394
5774
1265
5572
9947
7774
4904
7082
7856
7647
7491
2610
9243
4872
2011
5622
4287
3260
4751
1923
0048
4601
3881
9475
3387
0431
4563
4864
1833
4540
9336
9101
3941
2776
6885
8331
7734
1798
1497
6143
7990
5349
7895
0917
7235
5561
8425
9731
3346
3277
9332
9304
0618
0583
9117
9539
5148
7751
4203
3755
7189
0600
4736
3370
2418
0656
4193
6390
1842
5123
8887
0778
6734
4153
6680
1378
3099
9270
9293
7123
4048
6522
9095
3365
0033
8888
4393
1213
1075
5767
8625
0619
9601
4832
4190
1675
5556
3023
1715
1550
3642
3979
0460
8600
3423
1110
3828
9333
3924
4416
2460
3146
3241
8739
5013
7283
5240
7262
8160
4300
0174
3265
0130
0634
3887
1736
6937
2631
2817
9977
0690
3142
8377
3151
2537
5492
6778
1544
5497
6327
3026
6451
5353
8009
3135
7107
5155
6426
3554
5412
7848
7943
8396
2392
5440
4639
1097
2424
4150
6830
0178
9864
9377
0590
0357
8989
0036
1925
5940
0882
0477
2101
8929
8819
5099
4292
2067
7937
5455
5558
3538
9882
9730
2212
5110
8397
8692
4431
1491
6903
5671
1862
4932
7977
7376
7574
8070
1333
6366
6564
3422
6995
8314
1854
1787
7616
3493
4352
6576
6178
7812
8374
6847
8920
9506
3985
3453
1377
1104
4298
3527
6691
8082
1699
0096
0257
1087
0434
0936
4112
3861
3974
4966
4464
8149
8215
3664
1240
2972
1419
6414
4892
6189
5432
1495
4902
2312
5829
8341
8184
4421
7085
1865
3472
6500
1773
4656
8248
1028
6849
1322
9129
0630
9020
5142
8097
5698
9100
9634
3619
8418
6988
1902
0999
7532
9637
4177
3824
6201
9162
8521
3446
6207
9553
9854
9389
7002
1090
8963
9342
7044
3702
3960
4879
1206
5827
4880
6464
3736
3899
7118
0377
1143
6169
7240
0346
0547
7420
6738
7521
4807
1287
5417
4747
7902
4324
3287
1664
0721
0929
5977
2197
5574
5376
7396
7594
8271
7181
7789
6965
7785
6293
1433
1336
6051
5105
2405
2605
4252
1383
3233
1739
6400
9724
6843
3056
3686
3691
6248
7618
8585
6524
6326
4787
8980
5768
4927
2178
3150
8188
4790
4399
5190
0408
2906
1646
5418
6676
1080
9621
5898
8525
4852
7418
2658
1840
5027
2593
6945
6047
4839
3543
3830
2607
6678
9695
1907
6551
9982
7302
6478
2723
8902
4928
4079
9054
7458
3374
0822
4612
1358
5259
9820
7287
9189
2919
4517
7606
7555
5550
3338
4508
5805
1157
4773
1692
2358
0298
8167
7530
2142
0301
9960
3317
6753
7032
5823
4713
2490
5228
2725
2503
7907
9281
4572
7768
7144
0351
1399
7084
3989
4171
5106
4830
8563
7447
1029
5179
1434
6263
8033
3689
6925
5516
0544
5282
2821
0085
0742
7117
7312
2246
6621
4452
7629
0970
0880
0299
9217
6613
4740
8211
9529
0232
4800
4349
0451
2509
4820
8478
5812
0429
6321
6529
0097
7320
2235
5795
6310
1573
5631
8128
0518
0309
4497
2873
9008
7995
7738
9721
2462
9089
1603
6035
2763
0312
2667
0579
7467
7227
8025
6475
0595
4727
8022
7325
8884
1653
5296
8411
0824
4492
9238
0069
6661
6899
2653
6473
2186
9635
9950
9641
4539
4331
4577
6444
5501
7133
2964
9232
6594
6396
3229
2146
1962
1286
8893
2052
3915
9121
0252
0871
7827
3557
1737
0525
1193
8546
1435
1238
9979
9399
8786
2745
6496
9668
2598
6223
3874
8972
2244
5244
8016
6174
5305
7551
2590
6866
9152
8911
8048
1954
8777
0803
2397
4988
9201
7377
2717
4498
5705
2692
1245
3757
8973
9802
4629
7212
9009
1175
3869
1978
2850
3894
7113
9061
5389
8809
7424
4762
1952
2734
5791
9922
4561
4248
1289
8581
8175
3217
6950
2969
7402
3524
3476
3575
6472
3222
7500
1658
1827
1971
3700
8517
4566
2215
7698
1910
1944
5093
8257
0968
8416
8793
2404
7077
9658
4271
8328
2313
9302
2977
5738
1098
5773
0707
9349
7296
8604
7671
4600
4823
0997
6302
3147
6654
0977
5075
3541
4436
6636
2307
7172
4672
3470
4258
7114
2484
0757
0925
0136
2180
9582
5872
9777
5500
0233
7103
6599
5144
2365
3600
4987
3201
3537
4843
2619
0549
9908
0106
1629
3252
1250
0203
1329
7716
9875
0799
8177
8455
9476
2772
2449
3102
8047
4457
5967
7245
1677
8797
2881
1246
6380
8696
2612
5932
7510
1360
6456
6279
0981
6160
7164
5870
5972
3292
2411
3113
7879
4651
0848
1771
5925
4010
8081
7412
3880
0771
0979
0454
0956
0755
4701
4097
3740
3994
6683
5696
6829
6690
8391
7548
6597
4211
4748
7708
7045
5579
5371
6250
0202
7243
1889
4883
6140
8115
6119
7800
5369
6254
5657
8003
5808
1599
3169
3921
0390
3559
9055
8824
1271
7932
2627
1803
9109
1273
9819
8085
9524
6851
2926
2126
4556
8873
0348
7821
4411
9787
6534
6336
3674
7749
0339
8913
8851
5312
9473
1015
3542
2774
4910
2703
1931
2140
8533
4574
4376
2045
4788
1222
2989
5216
9341
0079
4937
7862
5968
4336
4534
3087
7972
8726
8250
4476
1171
2701
5661
2952
5223
5962
1116
0324
4253
4596
1601
9256
7120
6932
3183
6615
2340
5241
1392
3576
0015
3299
4512
5156
6182
0765
6364
7331
7539
5130
5946
5444
6402
7636
2121
0855
0608
3492
3502
7940
7745
5409
7023
2319
9065
7007
0139
3003
1227
2195
5088
8773
9446
2097
4604
8298
5846
7676
8101
7498
9902
0179
3484
7218
3253
3166
9077
5285
9871
8117
8623
5096
9822
9029
2908
0563
4689
3043
9997
8449
6770
6344
6440
9221
5669
8010
7792
9306
1247
1299
5909
2089
5324
6702
1702
3773
3829
5332
4400
2644
8564
2174
2854
7642
2785
2248
1389
0367
9738
5640
4913
3441
2546
6869
8897
7552
8169
6620
2796
5478
7478
2113
3452
7568
7048
0190
0694
7829
9537
1567
5205
5844
5543
4037
6132
6463
4756
1123
1099
4907
9799
0457
7465
4284
4982
5420
0849
1863
3668
0480
5780
2105
1976
1929
3090
3859
7319
9490
1424
4663
2721
8948
8872
8320
5196
5860
6685
0214
7984
6086
6067
5033
1051
2489
0704
2577
4819
2466
1442
8124
7689
6789
4117
3810
5348
8153
8130
7332
4172
7830
7579
4073
2864
8507
1967
7178
0291
1849
1579
4132
1204
3594
1425
6539
6331
0438
1023
2157
0546
4769
8975
1732
6229
2842
0598
8330
1183
0953
1730
4195
8357
9105
1681
0607
6145
0806
8629
6382
6187
3228
7394
5750
3474
2687
4413
4317
6092
9589
2783
0417
3032
8685
2994
4985
0682
1539
4279
7439
0039
0067
9664
6793
6439
1463
1532
9457
5224
9216
2617
2165
2076
6707
9099
2761
0014
3288
6244
5635
1608
3111
9823
9291
7744
6998
3239
6150
1888
3001
9520
5701
2629
3504
2894
8408
8431
2936
0448
2622
2520
2999
1025
2521
7043
3573
2302
1928
5169
6334
5620
6410
4121
0228
4833
3943
2350
1793
5763
8038
6755
7978
4149
9683
3886
4709
7790
3155
0523
0943
7617
0293
0773
6723
5978
3156
0183
0040
2539
2836
0369
4294
1654
0702
6441
1379
5221
3544
3939
3225
5606
3845
7746
5659
2654
1301
5374
6603
5237
7859
6893
7368
3763
7656
1936
6806
4208
0927
0235
2990
3188
0045
2620
6928
6311
6519
6433
1610
3868
6480
4964
2371
5083
3237
1173
1852
8427
1223
3218
3181
2852
6241
2678
2580
6659
7161
1452
6057
5873
4842
9153
5006
5706
0812
3968
8903
0041
7860
3961
4978
3866
8354
7926
2713
3133
9892
0152
4065
5468
5433
1277
2033
7485
7454
7873
1291
1496
1293
1408
3771
5965
9157
4314
6823
6228
8998
6530
2680
3036
4783
7421
7001
3783
2609
1279
4061
1343
9942
2322
8288
0145
4189
8144
2367
9992
3040
1159
2007
8656
2159
3832
6589
6381
7546
4635
3934
3805
6261
5103
4804
1708
1407
3125
3849
2890
9188
2555
3000
0661
7403
7318
2103
0550
1643
1747
7886
3251
4488
5704
1627
9292
1723
5424
5926
8541
3586
5435
0009
5990
3739
3644
5239
1555
3903
9249
3216
3303
4334
4645
5405
2581
6298
3005
0912
8107
5849
0893
8337
2309
6717
5124
4199
4707
9155
8549
8947
8054
2918
1221
8951
5863
5632
3213
0246
0748
0552
1930
5537
6154
7281
1350
9172
4764
2875
5862
6758
0032
8277
9400
0532
5163
3345
1855
6742
8978
4688
2461
2048
1988
9386
6946
4129
1212
4723
3041
2588
7031
1981
2075
7588
2818
3072
8412
3118
8493
4925
7989
5303
7285
7766
8808
6938
9978
1921
9274
9406
4609
9645
2837
4685
1645
2935
0941
7810
4467
2027
5722
9921
8543
4462
4362
8063
3221
3126
9339
3114
4384
5508
0744
7088
9783
2791
8217
8092
8747
5421
0732
9514
0809
2273
6833
9577
8050
5796
6872
3425
4263
3518
5456
1998
6787
1903
8190
5053
7980
4234
8766
1668
3362
4945
1991
6220
6807
5682
7327
1837
5623
0435
9266
3196
9654
0243
8555
7764
1361
6118
9164
7072
9920
4668
7846
2912
4856
4501
1269
4754
8860
4205
1788
1487
0295
0151
5230
5652
0826
4136
0355
3977
2886
2532
8841
0922
9547
7573
7874
4779
4423
4625
9768
1310
1584
3200
1586
5193
1161
7834
2604
8363
5249
8891
5878
4338
6902
5973
5460
5644
6816
7204
5340
5716
3313
0026
0167
3426
3971
3876
0696
1898
8601
7761
3348
8889
9410
1033
9935
4443
9711
3433
2831
2518
2737
3084
8122
1142
6362
2470
6814
6513
6776
1520
9426
6907
2950
3182
3912
2320
2957
4160
4217
0409
9420
0109
2189
3240
7280
0308
1285
8197
2269
7833
5364
4803
8524
7146
5051
2149
8365
7637
7878
5573
5874
4480
3283
6290
8360
2696
6025
4483
1039
2326
6993
8294
9682
0013
2868
3637
3456
5587
0678
5831
3455
0710
1538
8446
6122
3316
8232
6516
4401
7266
2898
8170
0379
9661
8315
0859
0024
2118
4900
7994
4543
4844
5199
4458
0553
0591
5683
1254
1325
1316
6834
6283
2443
6296
8110
8937
0365
6388
1375
9976
9474
9393
8233
1757
9986
9484
7561
9026
8750
1853
5004
2023
1128
2693
3588
1504
0504
5984
0002
0560
6188
9367
5212
9665
6156
3206
2722
5207
6966
9914
8608
0405
4525
3929
9639
8529
0989
2579
1446
5867
6800
6968
9801
4818
7595
1400
4219
9488
3496
7274
1402
2451
1831
4440
1225
3779
5692
4761
2471
8928
8589
9516
9245
4943
8067
1828
7958
9743
2241
1963
1521
7254
4837
8362
6214
1620
1107
6462
5268
0937
6301
5714
7714
1622
6884
6583
6985
2478
8228
6338
1528
0589
6933
3873
3471
1957
4595
1024
0534
1632
8749
9973
9295
4760
1722
3505
1074
1088
1772
4262
2483
1614
0705
0404
0906
7445
2502
6149
9891
0762
6192
3342
8875
6762
3704
8582
2614
8644
2136
1687
4938
5256
0473
4732
7880
2976
5040
2049
5152
4887
3324
2256
6461
7750
9310
8609
0098
2911
0967
9585
0077
0587
0386
5981
9165
8999
9299
2334
9590
5524
5326
7129
6544
6346
5463
2563
5665
5408
2393
2177
6318
4092
5951
3315
6729
0411
8846
4742
9580
8942
6546
5119
0221
9655
1145
5526
6230
6251
5158
0171
1048
0907
3782
2251
3112
9827
2853
6735
9824
9523
2624
7607
0814
3545
2441
2757
8335
1281
3149
9710
8323
4973
2083
5779
3014
2087
7286
8727
5141
4891
4126
4838
4933
4729
6088
2086
7027
2869
1674
4289
3517
0440
3413
9493
7587
4847
2638
9739
2769
0831
3279
5565
8441
2512
2961
4406
7252
4051
2346
0049
9000
7095
9199
0895
9608
5092
3244
1522
3511
6483
3310
3936
3211
3721
1124
1082
1038
6525
0722
8593
8443
5948
8299
8522
4923
7261
5292
5057
7314
1867
0698
1174
3612
2275
7779
2423
1302
3368
7807
6284
9772
6732
9636
8805
2855
3860
0423
8089
4618
4304
9417
3878
7804
7503
0535
8481
3807
7852
9806
5442
6221
6871
9657
5121
2270
0614
0110
1413
0795
0996
0494
4268
9673
6639
7639
5551
3539
3659
9732
0733
0413
9034
5612
1114
7470
9443
3955
6029
9422
6060
5202
8799
5445
8829
7066
8993
4628
7390
7567
1119
4827
7092
2108
0905
6413
8715
0952
3587
0878
2026
8400
6827
4116
1132
3331
4041
2114
8333
6497
9003
8381
9043
6577
5816
8040
0703
6575
6642
5772
5140
2477
2778
5012
7772
5498
5109
9807
5385
1198
2129
7410
4056
7511
2074
6809
3712
2538
2863
0828
1320
3745
4669
0016
9093
7159
6270
9505
6494
4749
1912
4735
9385
8498
7192
8439
4638
4692
4096
9751
5877
8977
2702
3682
3018
8086
1805
9545
3086
2163
6099
0816
0617
0120
0624
6923
5410
1326
4715
8941
8849
8657
6828
9239
2547
1468
5814
5513
8267
4003
4841
1714
1940
5307
1275
2922
2553
7425
2720
3990
0627
6504
6306
5081
3380
0601
3264
4424
2009
4926
4962
9896
5653
8375
3801
2591
1382
3604
1922
6470
6889
9667
6449
2699
5597
2938
9760
8619
7877
0387
0028
0290
7927
3386
7152
7016
3677
6256
6802
1178
0035
3879
2475
7036
4417
9793
4084
7400
9933
7501
3442
3438
0593
5218
8145
8595
1233
8959
6194
9757
4398
1565
1347
9552
1167
9090
6238
9804
9503
0292
0784
5257
1774
3389
6204
3235
5020
5520
7399
2973
9779
3982
5126
3302
3109
7660
4775
8795
5769
2543
7364
2766
2104
1710
7695
1590
9556
1209
4403
3088
4239
5322
3437
3738
6831
0972
4703
3882
3034
0650
9380
6053
0818
3705
3836
9438
4846
9785
3031
8254
4009
6424
8245
8679
8756
5210
8655
1733
2338
8332
7452
4722
4490
6342
9308
7028
1949
5094
5605
6819
1592
9808
9750
2128
5624
0631
0444
3999
5959
9648
7220
3227
3319
0023
1624
4557
4860
4585
4366
2780
4564
0829
1553
1059
2124
7052
6040
6573
6874
9562
1712
2982
8815
2782
9642
2171
8321
2690
7688
2846
7655
7448
7322
1824
1935
9531
0481
0063
6471
2587
2032
8037
6272
4896
5546
5861
9847
9611
5430
0813
4620
7814
7513
1705
5429
7499
5729
7430
7006
1100
4986
4484
2862
3698
7648
0801
6749
2814
8262
8922
1268
6469
5270
5422
1572
6059
0251
7517
6153
7334
3177
3933
6328
2283
9901
9205
8350
9110
7468
8052
6030
2510
1467
1768
6442
4593
4894
5621
0037
4652
5238
2029
1580
1050
4782
1938
7279
2184
3400
8452
5446
5542
4878
0302
7239
2043
8029
5378
1464
6185
2474
1894
2527
6157
3776
8477
6434
2243
4545
9630
9258
8683
8465
6085
1517
5674
2071
6401
7837
6430
7928
4569
4361
9828
0127
1180
2733
4869
1465
7246
0381
3016
3165
2223
6898
9692
7209
6403
0005
9995
0325
0332
8584
3751
8775
7474
1741
2826
3864
0213
6015
3661
5125
3435
3791
8182
3402
2315
7185
4905
2193
8410
6948
6812
2498
8500
0287
9983
5120
0574
7590
3519
3483
4024
3354
0240
3440
9312
5762
7293
4104
8108
5002
6662
5927
6947
3170
5928
4570
7531
0007
6876
8435
5517
8237
8417
1816
2399
9945
7350
0004
9311
2755
8899
6764
3766
3176
8308
9815
5001
9012
8448
4586
1941
1259
9192
1045
0025
8759
7564
7366
4207
3986
7914
9297
1789
5383
6622
7411
0305
2865
0521
7952
2433
0921
2628
2447
2748
0101
1618
3949
0516
2301
5251
5167
9210
6997
7672
6689
3944
5914
8935
9247
5017
9865
7051
8154
6658
3896
5118
3991
1461
0846
3856
4861
6974
3210
0793
8539
9283
5360
7490
4169
4979
6102
1755
8530
6692
9415
4127
1000
3749
3249
4158
6218
0425
0825
7075
9211
9066
6591
9264
4758
9958
0236
8165
0125
4491
6495
8171
1257
1415
9340
9206
2859
1182
5566
0126
4023
3826
9432
3940
7748
5070
5335
3875
5174
3305
4183
9345
9104
7367
0430
2303
8988
8405
4209
3589
5588
2072
7599
7391
3373
1153
0212
4475
7941
1799
1373
9987
4849
6224
8491
4187
8865
1001
5274
9968
6521
6756
4147
9618
9346
8147
8994
7233
1073
7512
6335
9088
9812
6299
3436
2608
6376
1859
8384
6782
3175
2773
4123
3900
7876
3916
2321
0206
6288
3843
7040
1311
3938
1882
2285
3935
0156
9285
8870
4380
2245
9919
1866
8095
8943
0588
9125
0792
9396
7825
0718
8854
5718
4095
8051
3904
1042
4396
4594
4526
1848
1729
4134
7646
5649
4571
8007
0265
4270
2978
5043
3947
7203
1241
6421
4320
3508
1371
5843
6999
6202
5198
5901
1563
1235
0335
1313
1678
7317
9624
9578
4994
5798
6842
0428
4634
4705
5856
9124
2381
5097
2207
5052
8810
6368
7780
4468
7857
7160
7602
0392
0220
4175
1418
5727
6747
7681
4977
0231
9364
6619
1647
9116
9910
4415
0898
5822
4242
1786
2225
9460
1066
9442
0709
5080
7957
7046
4578
1041
0117
8537
2897
2517
5184
4809
6231
2006
0620
1040
6992
5317
8172
1948
7619
1154
1422
3844
4792
3641
2750
4650
0524
4752
5645
5891
6852
2053
7959
9019
6766
0108
0311
3942
6660
1794
5414
5916
0888
7916
0300
3574
2677
3482
1232
6337
5697
5050
5838
5933
2161
7933
0519
9456
8652
8198
2363
3137
0462
3004
5129
0505
6700
6309
6393
6614
6448
8296
2963
5712
2636
8185
7712
9789
0886
7407
5200
8301
8544
5654
6772
4763
8957
7428
9023
2060
7398
7657
9180
8613
6584
6386
9961
5428
5868
8506
8894
6854
6598
6553
3714
4228
0717
5684
3998
7206
9640
3804
1731
0562
3601
3462
1566
4071
2213
1224
5474
5976
1189
7122
3662
0853
1459
4357
3778
3477
8480
4965
8825
8112
2107
3148
6679
2464
6759
1483
8981
9542
5610
1597
8178
2061
3070
0209
6757
9330
4862
5670
1177
8707
0253
8885
4657
0141
8511
7628
0802
0664
0160
4870
1243
1856
6180
7437
5792
5532
3108
3144
7191
9081
6079
5355
1636
9784
8219
3723
8091
0635
1019
3478
4373
7344
2467
2768
5072
7276
0153
8174
9137
8459
9726
7705
4697
4698
3596
6528
2156
3784
0066
5064
6314
6176
9175
1490
2564
8114
8125
1005
3837
1784
9335
3973
2410
3071
5377
6653
4333
8519
9437
8686
8571
6032
6836
3793
4865
1750
6110
2856
6113
8118
7697
3558
7762
0399
0706
0904
5271
5284
1156
8874
5617
7216
0783
6087
4956
4454
1548
4369
4518
3526
9912
0701
0909
2374
9781
3842
9466
0633
5720
5329
5281
5484
5986
5225
3473
2250
2981
1873
1203
8075
3716
6027
2789
6245
1445
6740
6349
9344
2476
4893
6233
7811
0779
1239
3271
0437
3737
9394
7806
3143
5114
9229
5077
4999
4591
2907
9643
7720
6447
2941
4453
2904
4201
1270
3827
6631
6600
8002
2823
9142
3660
1430
3172
9834
9533
0155
5314
3054
1165
2332
4614
5162
6374
8569
7960
5411
2015
6502
2921
7623
3226
2234
9428
1735
9193
0402
8454
8956
8319
5413
6571
8138
7413
1911
2209
4507
2709
0622
5733
6655
0576
2927
8204
1905
0675
0990
2261
9338
3772
8179
1130
6873
8691
6170
6924
6590
7558
6046
6135
6744
5809
4990
9501
1545
4451
4295
3663
5759
5680
1977
3194
9923
4182
1703
3103
1956
9267
9984
8764
6643
1818
9957
5132
6760
7110
0081
0686
7631
0741
0949
3431
5511
9143
1388
5194
2343
2975
5724
6077
4693
7265
6116
5026
5699
5636
3296
6004
3128
1908
2463
4562
2819
2130
1226
2289
3207
4015
2640
6970
5493
4602
7861
8119
7135
7849
7153
6164
1974
1870
5233
7721
8909
7273
5035
0279
0964
0766
6929
4941
0148
5061
5107
1367
9209
8858
9646
4974
5721
9148
2828
0862
3548
3525
6120
1726
5038
3124
2924
3256
0651
1783
8738
6845
5942
7601
8752
7157
2956
6168
5277
2390
0513
7297
0545
6227
3062
9096
0144
2803
7461
6741
7816
0089
1917
9554
1847
7727
2729
6355
4955
3198
3786
4465
4161
2229
0122
3247
1661
2541
2341
6979
7089
5178
2848
1466
7787
6186
9836
3897
5555
7526
6152
4022
9024
0050
7105
0360
9408
9067
8146
8015
2396
5548
9559
5491
9147
1813
2777
0854
7614
9197
2066
3158
0407
6674
3909
2762
6520
5840
8134
2800
4394
7863
2455
6350
1574
4154
0055
6297
0269
8132
5214
2098
0278
4075
4664
8658
6870
1986
4699
1526
2660
9800
2253
2534
3692
9566
7150
7442
7460
8606
2298
6555
6006
2345
6706
2694
5049
7875
5506
4778
2116
1896
6821
0719
4642
9240
4738
9036
5985
0558
2516
6835
5166
1523
0193
7074
8674
5917
3699
5325
3535
6977
8028
1759
6910
9622
5955
1502
1086
2801
0615
5458
6345
4020
1795
9348
3711
5567
4811
9888
7540
5283
0245
8718
4659
1448
8651
2296
9398
2272
7223
5181
7427
5810
3063
0752
6232
6704
2561
1754
0506
5852
7047
2962
9315
3330
4871
7288
7867
4535
8694
8721
8964
9244
1462
1790
6064
5087
3375
9112
2816
3870
4164
3098
2094
0820
3082
9459
3781
9265
6542
5619
3690
5691
1589
8778
6919
6476
5737
2179
1810
3238
6868
7188
3245
1007
2844
1582
2472
2749
4138
1933
9231
4040
3193
0673
3411
9845
5648
0315
7962
3105
1826
9150
5685
6123
8142
1839
8489
4080
5522
5997
0866
0858
4094
5753
8429
3145
8285
5923
5828
6943
6848
4527
0807
5159
7793
7341
6197
7148
4178
1196
3522
2840
8597
3620
3513
7583
7884
9255
0327
2710
1169
9931
4515
7828
0352
1871
0539
7967
9512
0542
6581
3377
6044
0536
5992
6989
6687
4890
4054
9609
2557
6588
5308
7674
8061
3205
1914
8502
2249
4831
5944
6701
7383
3629
8065
4835
9030
6624
9139
4281
1720
9068
4241
8590
0483
0254
7156
5024
4089
2133
3236
9723
1648
1384
3622
1210
1814
5136
9451
2944
5739
2560
0960
5301
5509
3552
3481
9146
8505
6891
4547
0086
6518
3351
8088
6127
6038
2839
5890
2031
6511
6750
1557
7709
6963
7299
2013
6061
0606
4718
9131
4118
9042
6694
7541
2949
7014
9334
8236
4957
5875
1970
1421
6235
8225
8586
1341
9058
6877
3583
9770
5912
3328
2084
3566
5675
1131
1899
4308
8399
6394
0978
9241
4493
4301
4509
6638
5346
5544
1264
6438
1672
6429
8487
1138
1578
5415
3571
1511
8223
0107
4959
8818
5320
5499
1571
8729
0502
6552
1510
3570
7494
8927
7479
8402
7357
9412
6190
9660
5188
9715
0520
1134
7011
3167
5313
2808
3678
4224
2528
1486
3190
6340
2264
9835
7586
6308
4433
8869
3407
3708
1450
4733
8936
8622
8139
0628
0753
3632
6097
7415
7061
8682
9954
9149
0621
8878
6677
1078
2131
8557
4365
2732
5252
5139
3613
2059
2378
5736
1518
3748
3447
7752
0211
6987
9230
8995
5855
4617
5975
7798
3595
2799
8464
8966
9747
3364
2044
3336
1769
9831
4131
6312
9253
4042
0331
6912
8283
9163
5393
6832
5885
8155
9797
5195
2138
3615
5297
7975
3671
2843
9988
7638
6953
7935
7969
8207
2450
3639
6108
5273
9913
1297
5219
1635
7348
5473
9051
7554
7356
7141
1368
9263
0218
0982
9515
3038
6804
6503
9379
4695
6917
0027
2735
8343
1372
2017
6570
8654
9869
9500
5598
0359
1878
8379
5832
3727
6645
5591
9234
5999
2288
7473
8367
1162
7784
4677
7408
7608
6423
9360
5217
9316
4455
4866
3255
2501
6810
4266
5788
0573
2602
6887
8322
2500
2508
9097
8758
4082
1308
3683
3019
3274
4111
7247
2666
6982
0216
3970
6506
8611
0205
1296
7919
7696
2395
5585
0140
0644
3466
4353
2434
2901
4007
8382
4367
0137
4244
3398
5495
8678
9496
5299
8249
5590
1679
3685
3120
5058
2134
4935
7786
6054
6665
4374
9939
8461
0410
7667
8068
8705
3358
0493
7260
5881
9467
9138
0057
8523
5441
8671
1047
8021
1034
6277
0046
2600
8242
0482
5065
9975
2078
5438
7438
5919
7781
6880
6858
6499
5255
2942
4983
3665
0980
7392
5253
2369
6629
9480
3958
2035
8570
0646
4888
7166
4772
8159
0935
6316
6514
0908
4901
5695
2804
7547
1570
1049
4256
7055
5871
4670
2155
6813
3123
1094
0495
2751
4046
9279
1482
3089
1155
9570
9614
6486
1569
4739
9841
5449
7199
0993
4583
4884
4630
8486
9597
4000
2019
2385
2439
8668
5342
2276
8724
7954
4897
0078
1006
3710
3925
3696
3013
6996
6291
8421
5260
7058
2877
2391
2902
1201
3069
6855
7492
6699
4014
2669
6926
5615
4107
0463
7998
1807
3626
1002
3130
2663
6792
0161
8055
8784
8830
7505
5602
6142
9218
8426
7250
4328
8662
9703
2299
0223
2325
7323
2754
6566
1607
0188
7976
2088
4363
6359
0303
4785
9633
4091
2046
1751
8386
5641
7680
0099
9941
5656
6384
6739
9991
3153
0018
8954
2380
5647
9525
8591
3104
9754
6360
8967
7488
4229
8305
1966
7679
8263
9133
7535
0667
0333
2651
6684
0271
1972
4186
2386
4249
0962
2824
8387
4388
8996
5947
2575
9357
1596
1043
4851
6883
1304
4916
4414
6056
2967
6722
3257
9352
9767
9111
4348
8326
6162
1295
5232
4725
1724
8141
2030
0044
9846
9764
5575
7241
6411
7352
4655
1315
4474
4976
1874
4034
5836
2037
1357
1655
8843
9905
5535
9602
5145
4074
0823
6457
8407
1505
4936
4434
7892
6535
6005
5287
6725
0498
5811
8787
9040
9761
4815
8916
8414
5397
9844
1945
6416
5533
5834
3780
3995
3083
9894
9593
8743
8474
8976
2684
6278
8510
5507
6746
5368
2991
0677
5963
4828
5540
6980
3928
6255
7292
1136
3404
8792
9628
7575
2305
4103
5726
2357
2655
7726
3232
4610
6751
4768
0720
9782
8945
3959
0938
8638
7840
8339
8898
8327
6481
0177
7775
5864
5563
